150 2 1
0.0090593780063285 0.8235983535189374 1
0.6801962288248213 0.4446422127435734 0
0.8296644491099313 0.7138515943601768 0
0.6510020440097384 0.2219915242642453 0
0.37833198176546246 0.9519721057398483 1
0.5879098113178203 0.6332098802947592 0
0.6692349207141693 0.07683527202536788 0
0.9398692920960382 0.6383569458927792 0
0.1867644497414861 0.9283815130787305 1
0.5071564614864832 0.11888356950999812 0
0.2803722285089999 0.18524891289167456 0
0.10468130390176789 0.1312057465098111 1
0.5999663360539955 0.01292526009248951 0
0.5330468532451066 0.03749757373134244 0
0.4567160523258371 0.15808650009461545 0
0.7070679621733744 0.08800845628383758 0
0.7480025240934712 0.417796923128556 0
0.5792088462483147 0.657619220714584 0
0.5552844906842788 0.8916898099222959 0
0.6721624987325938 0.1634960282959116 0
0.519269619670806 0.020442470465270368 0
0.38199941098616796 0.11406625978036511 0
0.8743543162433535 0.9074598273350247 0
0.5022912408520113 0.135139609626043 0
0.023064885753509623 0.7816386283890637 1
0.44836202754072085 0.4292190924443552 0
0.007510186126316931 0.7641322469026148 1
0.8603579262295579 0.9415091101732953 0
0.07717032418074843 0.05800899756473876 1
0.13748154031754456 0.8017285395146745 1
0.15758767905890747 0.25201363372553587 1
0.06051101930173508 0.7512547327689958 1
0.6412949229970315 0.8014827402882736 0
0.3104318053652141 0.1586570677479272 0
0.32656803251613054 0.2338695135580231 0
0.5123435872161288 0.2471244783595027 0
0.07528910246881049 0.7559983870571129 1
0.9253446678655038 0.1977037365369485 0
0.1847222026081301 0.9527832589134898 1
0.4138151277640796 0.8728104557227258 1
0.01790703710703434 0.5067359448270929 1
0.6414048675877608 0.8374722649271631 0
0.5261488566600451 0.2508955426792051 0
0.799635849121556 0.552751414257276 0
0.8705045075852459 0.003317211699178646 0
0.7482782304080883 0.6715915026209494 0
0.05425867916542815 0.7986887963889785 1
0.3095111924842542 0.5644197437484266 1
0.0649191214930982 0.2500928049955746 1
0.4870850048582891 0.02791185220065895 0
0.4833854969096708 0.6833892093681421 0
0.8358121118486029 0.47279547572414204 0
0.7073042429146429 0.6057441697207182 0
0.5887500836429421 0.5083682933202739 0
0.44770946255331734 0.6826645566914329 0
0.4046100625322401 0.8424141598473186 1
0.5570766626300607 0.8204246957620167 0
0.07038192452193903 0.14949505228100468 1
0.8024948922264206 0.8564234439166013 0
0.511948721552531 0.8192757638767753 0
0.5827368892496327 0.6317253371561898 0
0.433916603175752 0.19022052933796152 0
0.8896073649862575 0.019884625584171256 0
0.4768037977383881 0.7980160525527529 0
0.2400699030708211 0.6109177312344692 1
0.257378390099783 0.6632866744321965 1
0.880686923640471 0.0033254527431745284 0
0.4015091859818679 0.35677770854703705 0
0.9870835578869648 0.6900242812365878 0
0.8322975960173571 0.4111788564791121 0
0.9975582298628953 0.9868461691581072 0
0.8658672485396417 0.1722129594731424 0
0.020586233649218855 0.19594701615593035 1
0.8894029291016536 0.7885087362818661 0
0.24243467544828723 0.016580301054037183 0
0.16081227688343303 0.35359041093010246 1
0.7936347711365376 0.5586120377434871 0
0.03193617379168068 0.9464728659564043 1
0.23668994164586576 0.866359274829391 1
0.07858822885855576 0.7909646808350367 1
0.5404001187874766 0.37537034914681533 0
0.41431639704721424 0.1818385827293354 0
0.35828640822066404 0.8111932563518135 1
0.9593540959302645 0.6901838630469347 0
0.7257503317219014 0.384781026944926 0
0.5554780612685983 0.9043893940512099 0
0.4208538342415412 0.5744655431203539 0
0.5463738848503936 0.8423195587813246 0
0.16684736802272837 0.25696657872756623 1
0.7631952841020521 0.7036400467429853 0
0.10401280598105023 0.5711161796499551 1
0.9024571821884596 0.1970306076400825 0
0.7493621617232528 0.06172861062752277 0
0.596308303817229 0.7441262341162729 0
0.8514163845441849 0.21639309278554486 0
0.18375833795161978 0.6058240037509498 1
0.47887793719706184 0.608454468986705 0
0.7053428857091143 0.7643904396556737 0
0.7268433452465817 0.04666392680737641 0
0.5678687470355671 0.9180217974898639 0
0.7613959095485257 0.3329715870965765 0
0.49688228695723236 0.7800021999362876 0
0.012185395494007878 0.4222024754317476 1
0.2643594128075394 0.6086830647142616 1
0.6001301071783254 0.962331762039635 0
0.36549480592103756 0.96135590209157 1
0.5940679648374307 0.09108797603245167 0
0.6847617678174913 0.16280945916845957 0
0.8085656594721182 0.9096152731418836 0
0.02382112178611162 0.46435215276235653 1
0.9918630101462633 0.5217739892091966 0
0.18535035242814257 0.5719900860761128 1
0.02391774792055823 0.36691721152899637 1
0.9523080148116174 0.2390044927523569 0
0.687625537674586 0.5608652663725544 0
0.5460783937954465 0.528114558457439 0
0.10988224992615192 0.581645156377595 1
0.5297402329089195 0.8935167188779741 0
0.4423047891179146 0.5833716267595215 0
0.4739196063719737 0.17305401917525487 0
0.34158036861088303 0.20048395484787573 0
0.4742331696518405 0.2887333876436263 0
0.8805524530882052 0.9868409315949374 0
0.09059380177340948 0.05763975468718807 1
0.23428986268057528 0.6977039739419771 1
0.10271829339020211 0.4847369955403895 1
0.9896900768217605 0.879692452337033 0
0.04465679980585824 0.28603710322864917 1
0.7227090621554113 0.10859559362122284 0
0.8250944568643868 0.5319563346480722 0
0.695011159840319 0.18846461760407096 0
0.7748376337505357 0.3019170362857234 0
0.4614627201542869 0.5644183736272845 0
0.8838483580936037 0.515418646549622 0
0.8015784224875567 0.5703397997593984 0
0.5969805603571382 0.7178854599591571 0
0.7982731824158859 0.8342118362921762 0
0.12355608957873554 0.7999084480789117 1
0.4571687796227135 0.4898251999961899 0
0.4923252242854992 0.29703821805201736 0
0.8071449693671119 0.7436523567285901 0
0.34321312039733154 0.32818359058648683 0
0.910772392057781 0.24722653232639713 0
0.8956476859335214 0.7967957585633467 0
0.8511090839660421 0.9438544915929202 0
0.8711446456452233 0.04138573463612849 0
0.38293118014363314 0.10941541214287664 0
0.40247451785835775 0.4859575385642789 0
0.5761831633219882 0.6822854301946921 0
0.047752240738742735 0.7577807857251599 1
