43 2 1
-1 -1 0
-1 1 0
1 -1 0
1 1 1
-0.08440080106056624 -0.4586049023638099 0
-0.3895186822353107 -0.2770077895268358 0
-0.99830125799388 -0.28296630692267943 0
-0.40991667980929314 -0.06288605760014954 0
-0.006957249561694412 -0.2947638091537418 0
-0.17771211013818933 -0.9105999974047454 0
-0.6928470940492107 -0.7469973893675327 0
-0.9974331789166933 -0.46646860625725983 0
-0.3531824240122541 -0.15305330547006124 0
-0.9927795408584152 -0.4641756279692064 0
-0.38429513584767094 0.01348055997730735 0
-0.6062534886999544 0.14038949189400196 0
-0.5462652050169697 0.6595807236393811 0
-0.8243109298064516 0.23812152920438923 0
-0.5676073176308308 0.9961416038444509 0
-0.5506877664303484 0.7621282348168946 0
-0.505017757076879 0.6057547218446655 0
-0.9453324512285399 0.8324953632104316 0
-0.2280188253094071 0.8635848025346624 0
-0.6767192042862141 0.18199326552269435 0
0.437647450347168 -0.2544669909364059 0
0.8660935723268922 -0.49453278005402657 0
0.3040388695543331 -0.24337941415246633 0
0.752378407101844 -0.36522636002342934 0
0.8390976382624308 -0.11777184082176684 0
0.26635700299258436 -0.68651775806759 0
0.41073417554386527 -0.9677241359688857 0
0.059664466053655274 -0.5900830473692279 0
0.2162400461765357 -0.7890317445036069 0
0.3499845673905323 -0.030460226952502945 0
0.7239494179744442 0.6036704297718368 1
0.10256981404645116 0.07211190952347779 1
0.8615464388615474 0.0008324316559327194 1
0.5024172580766283 0.3697241490581876 1
0.3372403444496215 0.9242608694530322 1
0.7775219026179817 0.9117736921845523 1
0.45895506591679036 0.8576235801432246 1
0.44861176178479445 0.3069646960575402 1
0.43273292969742705 0.19697879100079174 1
0.22041171393830306 0.7305280848770793 1
