1500 3 1
0.1422117088808561 0.23523500367792916 0.27348205984755825 0
0.27605163949717226 0.6136925170189294 0.31538544863763585 0
0.6050377052949714 0.2306744211571905 0.701807455348304 0
0.27674218798148154 0.23965305233283785 0.13518536763920241 0
0.3903416523531722 0.06701381632820191 0.06504439611967994 0
0.06586158371266526 0.9237536745536481 0.3335312058015717 0
0.918080150480699 0.8361103130722117 0.6689240095391339 1
0.09271479829839091 0.9322635124486244 0.33856213637763344 0
0.30826144244116127 0.8441958507188347 0.6620603241968059 0
0.7305539301471146 0.03130587781760963 0.21478657062566242 0
0.13104650743930857 0.18426718840856582 0.011987035487185715 0
0.30249209143781597 0.8935607763682706 0.004953811226371174 0
0.8345990944595757 0.11328101474493202 0.00039285507163933087 0
0.35137919216529256 0.014169720404677122 0.8785722343517478 0
0.9686770494592788 0.9863854268915473 0.3150831744121031 0
0.22497264476287637 0.2430796507625056 0.7771346649685645 0
0.34248692785156476 0.29643494847026486 0.9303936213281342 0
0.10325856286306412 0.1332615029304134 0.9981196234062912 0
0.9332923217938535 0.6278832987500503 0.23896374229116768 0
0.22261684061203346 0.21522264527197243 0.2715959570318952 0
0.8331998461701492 0.7264118826459901 0.7557793486696139 1
0.6509976156148308 0.15258536461461758 0.6753731258876645 0
0.8824259964792086 0.2950384005672081 0.006070191377088641 0
0.8495295106146658 0.04228771785173546 0.34393586294758094 0
0.16778247389031864 0.694572128991542 0.07424396415807899 0
0.18690898338464024 0.8064445589306208 0.7005993830805348 0
0.916489550535987 0.15768058471278978 0.7895941919501457 0
0.11141607829008482 0.021832171286734647 0.056767914026025434 0
0.3803984743795247 0.2917758159847521 0.7092889614993554 0
0.6779197734202619 0.140156225128792 0.8823692639375464 0
0.8575739920411637 0.8775364146586444 0.6614696666163173 1
0.7062105420325511 0.26966827567293905 0.10687717005086106 0
0.7648277065432354 0.855257554603844 0.6025509975659561 1
0.6283038186756914 0.6382853770076055 0.22855218595347437 0
0.2512755072024756 0.9641607296609241 0.31807292982772195 0
0.16824173440265322 0.9063300416460691 0.1781916127491252 0
0.3301706682328398 0.6461084113156172 0.748728751962611 0
0.7864515927377048 0.02879383357938181 0.7855800260327718 0
0.07986634641807744 0.807809628901489 0.7275787771115219 0
0.6126735740632389 0.3344608550806889 0.654814539250892 0
0.8517053158077351 0.6396940413421719 0.03934484181103781 0
0.715903052032648 0.02651540425529375 0.38824945359287844 0
0.31833604638217905 0.8982814242816286 0.17025232298932857 0
0.8965555007303951 0.8967385895877443 0.35238126569422645 0
0.642021550714449 0.8089221141369691 0.291204106942596 0
0.7755609422162189 0.10962112000214586 0.6195042546376909 0
0.6863980964292865 0.38417492715901036 0.17873180884677076 0
0.12575301502300928 0.9653617766224889 0.8502328361940179 0
0.06507528299861176 0.18207662282739823 0.6348024442675405 0
0.9247535670610758 0.2722690864609639 0.6024695393669975 0
0.6279043694299676 0.2278646935037233 0.7244962203431514 0
0.2076541299995246 0.35214711134008236 0.1984459442595874 0
0.3199773147785734 0.14517413089677245 0.8758105051490754 0
0.8536394897734921 0.38590332278242545 0.2068843174955599 0
0.10849979863113468 0.030214855161393106 0.10032964046245363 0
0.04880858360591933 0.05398549333030611 0.9982281503195635 0
0.7042836366868509 0.19701227474825445 0.007831737984421494 0
0.12866202594803366 0.3919650622423021 0.8498369366185635 0
0.6775377738457812 0.0922318473020014 0.8914519602356027 0
0.19438637387879165 0.8187232028795369 0.989077111669988 0
0.6725873560453262 0.8658493933042274 0.1455777552499582 0
0.06767828747543492 0.23330766557575544 0.7769997116661105 0
0.9952448901687382 0.06646553672846944 0.9565350569432733 0
0.2798332656405633 0.06164309009955449 0.16493905364619876 0
0.9086458498343316 0.35500786311032695 0.39330623913800467 0
0.020011571856772825 0.11291367453996826 0.19727514843639848 0
0.10489102425372354 0.9318718928590949 0.7719341027033396 0
0.6006659171367099 0.8881145988949339 0.14917235483956848 0
0.3812391949029471 0.2501113018157507 0.3117119396300394 0
0.21946122091770426 0.9527660073485343 0.8004327667777236 0
0.16196260266323492 0.6591594620381165 0.16170214379632109 0
0.6091154297934972 0.7469667303140214 0.7225602048093601 1
0.7035303876702935 0.110979294593336 0.7590488764756177 0
0.83590411451006 0.8077804602584545 0.8656126057492914 1
0.3859228577796827 0.21238367793719692 0.08647479718772966 0
0.13542282321516552 0.9953741939009136 0.8726154579699857 0
0.6279156331000897 0.833456283757342 0.8415058678851044 1
0.2970678953403837 0.6971411410692991 0.785440462583689 0
0.9720720461607939 0.210441467149307 0.7983776159924334 0
0.7993689093048791 0.0865109179621848 0.20654215560637923 0
0.0999020320874674 0.6253312847232375 0.01778263188082574 0
0.7061123109680877 0.3691272356564528 0.9457534338249121 0
0.17465238019714302 0.0240647632876958 0.03596652574696324 0
0.8393201065794447 0.032351910197071176 0.041001187925432614 0
0.9182492211525546 0.238877373085153 0.056202369472394875 0
0.8220400397849964 0.9466467934647045 0.35082529590729783 0
0.9323718443551073 0.313702045624936 0.3002801782675705 0
0.615879664385565 0.7968155574869469 0.9793803936688285 1
0.795421910980029 0.8691899777671614 0.7291954874254697 1
0.004100322020911706 0.053383330041860244 0.6561018263003585 0
0.6760335485727216 0.34025843051100424 0.7576096285396634 0
0.7951189012652143 0.07654513033464638 0.3107045486666079 0
0.19136543303520903 0.3897863702590588 0.7385523060239029 0
0.8584157184613844 0.29441046150139616 0.2643029346552753 0
0.33623784973702664 0.8461505264313679 0.8763350370181504 0
0.7185420031782039 0.7069973938837548 0.17355644181534025 0
0.060381469214648376 0.7993056952938172 0.045376206157074495 0
0.1341199484958704 0.3335145427469173 0.15866925046710334 0
0.10338474217639193 0.6540009318818006 0.808433242183006 0
0.8492133701472998 0.9824435468399867 0.22901170733022225 0
0.7343371041377237 0.1392998032127608 0.16252801332718214 0
0.8772630895145017 0.8689389786525247 0.8178595283666595 1
0.1908475147191252 0.2856004220295726 0.1281253631756717 0
0.0285280547708594 0.6240219515724357 0.0625134703328567 0
0.10656031475371175 0.8526487876286315 0.7035540529598957 0
0.28912303767033165 0.35233124739385546 0.12359525052954123 0
0.12473780201231865 0.09519842603714068 0.17419074184343808 0
0.8260595184877897 0.9800791355386094 0.9352097269559471 1
0.7527417319211552 0.3299241048711049 0.23292537776983036 0
0.7173992482384121 0.8575442556953012 0.3305194951246895 0
0.08660442605950291 0.26948613726115556 0.3744352969813083 0
0.25092876617700477 0.10055995325748901 0.8089063225920265 0
0.9982517031421356 0.6374841749014861 0.34782764307592917 0
0.7757668950915724 0.8190251888302238 0.6133325876294136 1
0.32613220198889425 0.7679985067707219 0.904762276356512 0
0.04400390493090833 0.7916271061680926 0.20943091683761472 0
0.86529160421532 0.2246540956235824 0.849001607542107 0
0.9780497538783535 0.9635273027945183 0.7393776986489934 1
0.018523093881479658 0.8383684189595809 0.6721622610682311 0
0.21546228603284356 0.23355954443285654 0.9502550320027444 0
0.1890942611680898 0.7622073990366017 0.693932854529364 0
0.9887173004763908 0.8320921730338272 0.08464125662823496 0
0.9567614114143929 0.24518368635961452 0.7868765507067316 0
0.9596043645107496 0.9727230204055858 0.837015919670738 1
0.12532950772604723 0.09753561685940737 0.7720648636853735 0
0.7645113335810767 0.7527509703682044 0.20020646932649322 0
0.6642239069609868 0.28786897890328045 0.30937854887310057 0
0.32839085178131366 0.22822965465451872 0.05359216308929626 0
0.3402122096172563 0.9860780564135846 0.7461310152361373 0
0.34398562322060544 0.04355738848243074 0.14022324105914596 0
0.23476874660449132 0.91952317466432 0.3817284432564212 0
0.8750564811590077 0.3782967437510806 0.32341505193091913 0
0.0804476125835174 0.9933428174248541 0.6005250890832321 0
0.8190327543372291 0.9732485910792027 0.2447297761561137 0
0.6080490919214073 0.01149845383110737 0.9257699604469622 0
0.20048561900197104 0.9114344429283443 0.9133008566638494 0
0.6414183898995892 0.2864851698541627 0.82211827516693 0
0.922086899055851 0.7939705901793014 0.9455158919403637 1
0.2816080009742501 0.34119602597670295 0.38416507186590854 0
0.10883952484841874 0.17828692082145092 0.9054400845824818 0
0.18766923312307837 0.12058496134155317 0.6618271626766374 0
0.6484473215283733 0.26866479274523347 0.23053921377032704 0
0.8458646240710433 0.7886794302718138 0.891153442264205 1
0.3872574850744196 0.15256806826791958 0.14209201780913905 0
0.637522600667803 0.769779051173835 0.3179473238347863 0
0.1355019024063493 0.9978907413041063 0.7436703297250725 0
0.02134589185010305 0.826011773810874 0.31825850349038864 0
0.9113004684832918 0.14702610688718964 0.6204048212789396 0
0.8857494954468677 0.23399995331239798 0.8751828332549216 0
0.19751076242029053 0.6936499351233498 0.3493270768545387 0
0.2226909037546041 0.7271130783721168 0.2980028153749199 0
0.9758299140419712 0.8859260491766171 0.0381578825386949 0
0.07263188633384488 0.7940714528331173 0.7901438298914005 0
0.6690430454947737 0.9226678963896326 0.8052994442562261 1
0.6092692422693112 0.6150026224860646 0.22804219100196943 0
0.16151219365967573 0.3042611894439545 0.6805625471203838 0
0.6114685441052887 0.19387183624084436 0.9842771147906152 0
0.35643132107697106 0.725932156365945 0.6218639152674703 0
0.28772391149318066 0.16525389868226614 0.06304040076491402 0
0.22244366685356154 0.7301022901332984 0.0744376389281649 0
0.6498986577729176 0.6819780611755114 0.05213877626378327 0
0.6169619542918188 0.6839242704508575 0.6185159478728975 1
0.8871989291667002 0.1542574334439547 0.8938289900250735 0
0.3592814494501637 0.13406155773224304 0.6659754906886217 0
0.6418457356938395 0.28773567138749645 0.7063970221832824 0
0.10182110274141531 0.27130130804421615 0.9735115514041326 0
0.8947716689308949 0.17319864249865158 0.00863225306390647 0
0.9703504682206129 0.8190267586179482 0.8045452273769688 1
0.1321332164452742 0.6423454390119353 0.3019825822245832 0
0.853642050733672 0.2122433832997077 0.16569041559338826 0
0.10031799059896362 0.800964156809903 0.7383381423924071 0
0.7838477085644981 0.8837042050390915 0.3659853792698371 0
0.14196831679371724 0.050144304076583435 0.3836274432349698 0
0.7011700729690677 0.7845366932872755 0.8638434865866677 1
0.36530849835328716 0.8138621663208923 0.2294008839617282 0
0.7527737262571554 0.7443762822454791 0.007695455617481639 0
0.636426562038054 0.7537530008538335 0.9234527746391423 1
0.9245067317352319 0.34825413476456646 0.2508991120869879 0
0.802544152503209 0.8472238081748811 0.04096203623589356 0
0.69209114952163 0.8079126619178526 0.8635184029987252 1
0.29148794305272896 0.9562200831201942 0.16777389145455734 0
0.6732369022355199 0.6651672518798647 0.9809474134259158 1
0.16196614019279665 0.34516697607014546 0.032509565003361884 0
0.8068378440454316 0.25283523410707176 0.62785643427083 0
0.6393669255083575 0.7019129689370268 0.1861796018569748 0
0.6634175208668938 0.886521679356084 0.8675570119760379 1
0.8937102719871746 0.762097215057406 0.2736907969166862 0
0.32931545769858916 0.8708703629592156 0.9492585455836184 0
0.2808701553175469 0.7665046809898809 0.36077252797943093 0
0.07443854921967874 0.8898272552890127 0.9671255899876309 0
0.05510422014212857 0.024209595171005738 0.21689362841428794 0
0.8202876259261882 0.3651221581094237 0.20121048311603418 0
0.20409202894413603 0.13600990580434413 0.7648991652449932 0
0.1512347013607539 0.983688362813009 0.8702331736464533 0
0.78308716679139 0.10034395011372843 0.745482238692784 0
0.8472439654854056 0.611877053690511 0.22439538461545738 0
0.9958709410757652 0.17159758420727889 0.8998600509092738 0
0.9535222129876969 0.751209536325916 0.17061303624384383 0
0.04379661582088401 0.7459215032187463 0.08220133285563547 0
0.37007662249977524 0.6676043008713625 0.6555152672392524 0
0.7213103055889225 0.768975401068646 0.3358396995254239 0
0.27542698628454576 0.9504296351946772 0.7444577759316593 0
0.14654975846886586 0.7101644490124112 0.6866999769202481 0
0.1914993855070788 0.35133876751578696 0.07897839279389218 0
0.8626069557848348 0.3268040843748111 0.9213920528348799 0
0.296757316718011 0.31418659189855225 0.2119531861474595 0
0.31433048526395047 0.1891786647910807 0.06115948281595662 0
0.11613147076563879 0.797149954437748 0.9898137653126501 0
0.21546606051553974 0.3780588815051231 0.11337445816949021 0
0.6955630358704519 0.09305216223896218 0.24888443885286993 0
0.9479891247635611 0.07610118951606193 0.23375719326506916 0
0.6111746371624407 0.29002463631192077 0.9390210171625837 0
0.6458060021091518 0.6529464751940494 0.885738150509661 1
0.9423584784843559 0.3221186914731302 0.999863725042984 0
0.09272052881561055 0.9381345550877878 0.7763626276386799 0
0.2662502570887678 0.1485921837978733 0.7699953313078456 0
0.15969669771307082 0.3860920756150651 0.8016082269028622 0
0.600247336248919 0.7352194353018044 0.7407101516524288 1
0.6753409327960165 0.7427211560920911 0.15882719671244938 0
0.6102245913700258 0.6158161362617662 0.7370978267415279 1
0.396915843008653 0.946578506711065 0.24985018374625378 0
0.3587709917058286 0.9345910873168565 0.29301517050433556 0
0.6641802758283076 0.9693404336084447 0.35112200603744703 0
0.31782012684244154 0.8123114988217027 0.6659260477375031 0
0.6134429507020457 0.6897901446858096 0.2721206102139784 0
0.7347789649069164 0.807602780651988 0.33158504479178386 0
0.06965916418123907 0.2674120164002083 0.7450362347156646 0
0.6977614945468977 0.20123838237614855 0.07530372568646881 0
0.15624068850874917 0.8779445649826031 0.23353267017506119 0
0.16676959269169245 0.7030571068171519 0.028704839162499773 0
0.682972984728138 0.6347176725868904 0.12888793034135537 0
0.06423067120083958 0.6710367434640486 0.8809345657359223 0
0.6210427808347785 0.32664129392765995 0.13506709116119997 0
0.8218723912662044 0.6982096100270889 0.09491941818860483 0
0.09502513564159165 0.3882217937173912 0.822789895323497 0
0.3064247798685099 0.8771100473387526 0.1248492396279196 0
0.29117956529282074 0.9556817074669167 0.20803489422451482 0
0.15527459323645354 0.6691613529752922 0.6898204463569374 0
0.7133136730716938 0.2699537467763359 0.6120422386785979 0
0.0049801687036219455 0.9724311728688095 0.9079703361498473 0
0.65783195437453 0.14702428297367687 0.8945325964966803 0
0.1281305207533392 0.011319460006520954 0.8794665937878077 0
0.281420768595086 0.7464460274239784 0.255964201457482 0
0.8779725056351342 0.723647221464723 0.9609613476023909 1
0.3582058137088784 0.14204503307393446 0.9605913769712675 0
0.7557177057512936 0.7587830287056325 0.24959727216156447 0
0.6351011371323334 0.014892293497790532 0.1945820824169192 0
0.14128378253709029 0.9421175140425266 0.7551615640209874 0
0.3113819792874446 0.03802610508752158 0.9850750838336306 0
0.6877507625756654 0.7140268652510409 0.8189211686619977 1
0.3619748716742499 0.6455217379074466 0.12546014719863485 0
0.9954132167113623 0.2267576053874234 0.2649762088618809 0
0.7529674418966739 0.8843042187318318 0.9604758075496153 1
0.8651789069959008 0.3867794018008056 0.22286505571606519 0
0.7785173125355858 0.7104542654755546 0.607376964226084 1
0.7652455536621272 0.07065952727827607 0.27238453176867994 0
0.3007479624735748 0.8701098347483543 0.6818747727592189 0
0.2790242200167107 0.8817315730213671 0.9835195793408902 0
0.1891790798514762 0.37816516757069296 0.328478927565528 0
0.28597526911103777 0.19815174401153512 0.8637135398403336 0
0.875681136421644 0.9203747343564002 0.05316837603795377 0
0.7424032139512223 0.6206392656490488 0.3525895377156709 0
0.3850872625060222 0.14477126068798485 0.11665095848819074 0
0.26519376365136527 0.19244449537602637 0.34505981677862485 0
0.27491515675433476 0.21582745041564533 0.18793818556910669 0
0.03698254493775721 0.3606686629254843 0.3819299370922723 0
0.8943104350406469 0.11119749899387754 0.6959626075956756 0
0.24809081433552838 0.3524783526902583 0.3875253795658359 0
0.3461555787803554 0.6489757977859429 0.895498084992967 0
0.2462913667205774 0.7585054647309821 0.9486291920257103 0
0.6904920345646178 0.760424020632933 0.20945287053013617 0
0.2026159300155418 0.7754781375656703 0.648468464802408 0
0.9272554016373238 0.6377690047125106 0.8794104684276135 1
0.9027658304495424 0.09274828198568863 0.7526086330029297 0
0.31415689411079517 0.953042474532599 0.6331664433249578 0
0.1844268189406877 0.8882577980103773 0.6891096050402271 0
0.04082047798703092 0.33917222236374833 0.7115342975438511 0
0.37745000825472363 0.26344536080631065 0.8494713982028367 0
0.9580626970316163 0.18705480058663315 0.7604865612893791 0
0.6635496504814212 0.7784731461906117 0.055142316191169605 0
0.21295539228526106 0.08419798841276627 0.3821319959838806 0
0.3896989041972636 0.34616812357376425 0.3164180983664243 0
0.6464715177280689 0.04950292247202259 0.19019615710289872 0
0.05273209204618767 0.8568243516783675 0.8592763417427385 0
0.8389314640141665 0.9551197855171999 0.3344293690512248 0
0.16914518134703949 0.30388672925879157 0.2583264914419299 0
0.08703351691502925 0.681538501603092 0.3562114787848495 0
0.303302241163773 0.9258349132265438 0.17739276878299481 0
0.33445207162633306 0.22770277487232626 0.3866509029089219 0
0.06714163807356788 0.3797355130661455 0.13577859124356284 0
0.6391573760590243 0.8829484258309772 0.2944179947930996 0
0.7134275645662191 0.021815400920262018 0.609961187382527 0
0.6364681887226582 0.6038220311232796 0.6778205207980753 1
0.33841937871748007 0.7042121219266355 0.8969121692233499 0
0.17415799920267305 0.818545308049616 0.1536021133528246 0
0.10722579755331674 0.6709459523681955 0.7268436304308481 0
0.6341204500226281 0.8525074134007921 0.7978751755426049 1
0.11477758825676676 0.7104758942423504 0.6655107556200986 0
0.9489944602949136 0.058933630808657655 0.7982630362082065 0
0.6510827335410229 0.8154996629541443 0.9389200627980002 1
0.18080334465435755 0.37291464737428737 0.8623369499344778 0
0.2163559015820098 0.6888276728545445 0.388625736538982 0
0.8778635922435426 0.017725468458429816 0.1627211913754707 0
0.29154417287594103 0.7640587229269891 0.6584456189113949 0
0.663325861818205 0.06713259948339101 0.9868777790821124 0
0.06897144194919647 0.1286834480562481 0.7007052027092867 0
0.611802236571642 0.2854708765470473 0.7667407564714442 0
0.7352763470947254 0.2560717599860789 0.6603321195454573 0
0.6160871815903592 0.989962742514893 0.9849704069040724 1
0.8905038996121414 0.7653537960855819 0.8135729089681271 1
0.8534528602414929 0.68650980694728 0.04004147617314513 0
0.7914417974845344 0.19510802445152642 0.9748869386426838 0
0.26858715892705665 0.8747549502106241 0.6618652933117982 0
0.0841647357430283 0.6708743060858232 0.6757245128422033 0
0.8194167403069565 0.7138030339644109 0.7832542189174886 1
0.9427512698240325 0.9563169366638703 0.7913739957842745 1
0.7066817064642118 0.24059221383759055 0.934975298947552 0
0.12241122046156339 0.18234228402984676 0.6193072708585888 0
0.8342175881046165 0.9608431215412531 0.20745650055572817 0
0.3648532838177002 0.8711382283393214 0.8882315329268554 0
0.6222131139220027 0.7538261206108494 0.23379946429492338 0
0.7252363840751812 0.8902249294429037 0.3419198749361392 0
0.3159520366782449 0.07914876344202582 0.37866104770066966 0
0.2802849448748773 0.003976931985098742 0.25672294296949005 0
0.2217051504728459 0.24705560590256614 0.35911108257476054 0
0.7992714103618791 0.737805254845727 0.32617155011373444 0
0.936150181170704 0.9854498469915737 0.9548365449709605 1
0.6534581477444227 0.7933848011812963 0.3116443896685922 0
0.7258754358664824 0.7047348841177958 0.8605019482095853 1
0.25689924200926595 0.8800940040856391 0.7890389202653816 0
0.8471396633422346 0.6055059965356019 0.03713605987761881 0
0.7304800944068374 0.08199999080837006 0.8112096041811905 0
0.06419002755859948 0.09607485828120721 0.043463390790147605 0
0.013229232375117417 0.9012617427804572 0.9479255036148541 0
0.7643049505874463 0.682736117515232 0.6184497766015629 1
0.8166486488064152 0.7032809401366694 0.39293116076241785 0
0.8460619093355418 0.6973982408303976 0.622708243587992 1
0.8326265070892446 0.18976627918311617 0.7616378266547088 0
0.9001914985563716 0.22055837844381765 0.6428274448888136 0
0.6180860049872969 0.7504318640126321 0.0435151006379938 0
0.664168189684311 0.9742054766647553 0.8647220656050147 1
0.3107198688615139 0.766425778857737 0.19889705079000553 0
0.3672023614576255 0.6757182970941946 0.00461135530324519 0
0.9116893304110286 0.8795454107291343 0.9376580668359875 1
0.1675797647507582 0.12061676199344251 0.7121805862409866 0
0.1382636028391847 0.7021507029969103 0.8585060827762085 0
0.8393363835525328 0.32194339499748703 0.827221056908013 0
0.0065910138158220555 0.6204566767805072 0.6937876641080348 0
0.6223342016116072 0.087789927048456 0.8681441179352913 0
0.9932768451493239 0.0019326058591710993 0.762944455339708 0
0.6227847718144863 0.2981652348272179 0.9879827656573437 0
0.6875463799090806 0.9950182094049627 0.028160064724343847 0
0.2687380165751224 0.795949321189929 0.8589032906309909 0
0.7464416066417333 0.2813639434162015 0.24569958067471998 0
0.2239381383715282 0.2485747874237596 0.01865287323262199 0
0.9716890428803553 0.235551477030583 0.6691929227472955 0
0.6828914141246413 0.6899732431468261 0.6893628307330805 1
0.8621679793351841 0.1049033519551884 0.9562865316838977 0
0.010108505250316702 0.8007353451485091 0.3135221812450184 0
0.10411119075919262 0.6163294970244663 0.7728659862645862 0
0.15107018229341185 0.8653152183463054 0.2819823497976728 0
0.06618667264774813 0.3151764272574925 0.2468909928787586 0
0.8684134785452684 0.16218303572513737 0.7667147428577228 0
0.1838938287696822 0.8836851319547924 0.8746932845543196 0
0.7798302833905448 0.7106222642831798 0.7990811538322009 1
0.07405798997117174 0.3551704549271938 0.7821444767814596 0
0.24941331946578493 0.7741048716648466 0.0771419058594861 0
0.34062779687843636 0.786563323982149 0.09327504824223021 0
0.7896630033650476 0.8591601286209314 0.11161316861256287 0
0.3623906733824548 0.29492138741084484 0.6484206580202951 0
0.03976406515679676 0.232474383041265 0.04765329540729202 0
0.18832457655460244 0.36550838754074666 0.1224488232671026 0
0.928389459361274 0.7424788726676507 0.7019626272401254 1
0.8818994311004252 0.6256533422826381 0.04690171333522497 0
0.11445294145339369 0.8304973818649645 0.1853682896021669 0
0.22058627911327433 0.7647456637262366 0.11934575113348311 0
0.38970027664890805 0.7045687440197834 0.11779844099262071 0
0.7926009578695177 0.1453023498247893 0.6214091164508063 0
0.898648572896013 0.8290383401125984 0.18800037971288708 0
0.9273207834614419 0.9898444540757072 0.8899513025859456 1
0.8495525905458436 0.9318561695148169 0.660392282270586 1
0.25555951627761553 0.8686304044367895 0.9350948113939364 0
0.9742351817558654 0.8286437127094349 0.00014456587332167814 0
0.6074860282124303 0.36579862795375095 0.6320714381169997 0
0.25325718915094797 0.7828531091768031 0.3793072071107114 0
0.6015208137363885 0.057994752075117506 0.7181348383291689 0
0.2401682149313844 0.7045439891973789 0.6202690375770359 0
0.8794435631876923 0.831606820866335 0.3968035976544222 0
0.3560913728522753 0.9752092091305741 0.8101771724169841 0
0.6047451763180961 0.0758808131475388 0.2201830434299692 0
0.6475156829203559 0.9222483303374935 0.2643836666572471 0
0.8565414458218004 0.6288244797201817 0.11600822566477009 0
0.3168484289015572 0.2059221816250657 0.8553161395505189 0
0.840636062467422 0.051774240968726515 0.28462675216066613 0
0.08726299938101723 0.617610286601304 0.8356904677501028 0
0.3440869013624429 0.7697037369820134 0.19913873727950215 0
0.6620076702074241 0.6991770545932923 0.8288831052748101 1
0.7785633191201956 0.8642351764440344 0.15001708887707543 0
0.2818924547974273 0.3726912948135508 0.7846819920375339 0
0.9079927809429419 0.6369637273450685 0.3576363550197269 0
0.9229311769797457 0.15475682056923512 0.3196719229921562 0
0.8149525628085185 0.865269397803874 0.04790406764032851 0
0.2617611232152043 0.762445341951888 0.29215806743619444 0
0.04257292545218616 0.391490547460276 0.7791449084888071 0
0.3206574432741527 0.18276362923538736 0.3637966036120336 0
0.9704510311884764 0.8879839840403098 0.37467490529312375 0
0.9038032280426483 0.7827137599088964 0.8138549289797947 1
0.7792778612455672 0.36399006971261416 0.1529539720564489 0
0.25884581153340314 0.8020587842417773 0.2593473695542635 0
0.20658986405085156 0.7141516839695062 0.746215545379062 0
0.32446568943566145 0.3321839610707641 0.07102601325349522 0
0.7926836916773037 0.29493082063853515 0.9348127042072747 0
0.1975742437322866 0.9062798217746065 0.9167067316586797 0
0.041400838544712326 0.31379268961931983 0.8106624433791997 0
0.15649586515284486 0.7362497342471421 0.16511768162293072 0
0.6365753996315298 0.13882349246518966 0.08230877363718758 0
0.24691985439951503 0.9456725558862253 0.758187779491858 0
0.6603021969263763 0.8167127258754563 0.7662357921271521 1
0.8137242862311033 0.2989499142386316 0.18957050184680901 0
0.8584620283816394 0.9325775113132043 0.28555707803497 0
0.9694640939385162 0.15469717420477047 0.8323982862310952 0
0.7358027511982401 0.9569318237527406 0.6128577458541703 1
0.9303666487075559 0.6918709444284856 0.19835110944180767 0
0.12902507926697226 0.39469024457474344 0.9994152142015871 0
0.7346530678804233 0.31011962173938523 0.13428778721750723 0
0.21641423000498083 0.350665871502997 0.1254960634201452 0
0.07544007592364355 0.7520660148751075 0.646831790738521 0
0.09719532999645819 0.7157928387373063 0.25176722914014205 0
0.8431379680582944 0.18180251183741658 0.7489619342259202 0
0.719521493330723 0.10257392734286752 0.7669329728074427 0
0.8771771118454447 0.7343258634079097 0.1640847521023161 0
0.2851565104115711 0.20190288450921523 0.8667116945943781 0
0.657363999011747 0.049890706532583984 0.3589917351947598 0
0.8628569196756731 0.10599164816137308 0.3705183161451071 0
0.6519089434361369 0.6832022578312315 0.8073031173128797 1
0.18958782486356507 0.06894669098241901 0.6073002226698959 0
0.7473417795404903 0.9009862726664213 0.18088656263291158 0
0.8131268391185827 0.8041974062547953 0.7587152810666254 1
0.6392661313855312 0.27083974649360354 0.7408706444304238 0
0.9302745100379549 0.3722666423536214 0.9448519342984661 0
0.969098295160545 0.08059494987352245 0.9132274014039342 0
0.7375255168220224 0.9980605449404131 0.05122561990032504 0
0.9723402536734742 0.09754999894885685 0.9901886848912212 0
0.049588418798707457 0.8256975554067071 0.7586172195159235 0
0.9709372459448219 0.8421868726790628 0.06415988818119034 0
0.815342590832435 0.7023613309874296 0.12953282116473674 0
0.8306869800886689 0.31278284837766446 0.9061809048419617 0
0.8243154474918546 0.18812540292667423 0.3912482233676601 0
0.2063973155692611 0.9548556980525391 0.6722244796686333 0
0.7121076985539094 0.7379380215190117 0.322515612889542 0
0.35851406941081354 0.649400054166683 0.6035858713917481 0
0.10371277692922898 0.22640692387910333 0.7501819101972219 0
0.17080325883732772 0.3718622278262014 0.6131572345992506 0
0.6196489933400927 0.7642794380939677 0.8637952448670421 1
0.6771796030194142 0.15345870276411266 0.9079012538238557 0
0.6315729031943765 0.620635680642772 0.6647363540015332 1
0.9035646039835046 0.024898450501478098 0.986278194130487 0
0.1194629828358621 0.15378550373669064 0.8049912718943871 0
0.7655338190133572 0.173526579834686 0.2860565611991571 0
0.8304277990074659 0.15702073592723143 0.829111541003987 0
0.17648409392399578 0.7908984261491087 0.08258579773925945 0
0.9949552564558672 0.8400009132671131 0.9299164286642053 1
0.8925498448620108 0.16012039668744593 0.24542361662255174 0
0.6931287265258713 0.03762442634103602 0.9780649755245856 0
0.20152121370655218 0.20395089836049174 0.35354972390985495 0
0.9057308921766867 0.7590857344705669 0.3296961596808301 0
0.17034470217380748 0.7369401508708099 0.790897023054486 0
0.2892997118223263 0.002547316516263831 0.6431409562650129 0
0.6470604908840422 0.07661459770424883 0.8776048171917409 0
0.6381372389876241 0.31978255069367567 0.7923891858466459 0
0.6848167841706871 0.3027212951449769 0.9387219193140236 0
0.7568667126813704 0.3802569350248244 0.17792583575943832 0
0.07932813931953586 0.36474649792768354 0.029939740406697446 0
0.3812635624113292 0.010230745410310771 0.7745450177690785 0
0.33691527246328834 0.951906736633433 0.3435092077059553 0
0.2920749063076954 0.8214652636961094 0.3079555059509712 0
0.695095347355659 0.029750588775865228 0.8622507992331949 0
0.02795177057461873 0.6647426167685534 0.6793459051221131 0
0.07263570306304679 0.20154377861767703 0.6118396459648994 0
0.6902968944873842 0.30355083443079145 0.26872899390836524 0
0.08519418608617324 0.9093483710007091 0.8600045720493051 0
0.37400599378891275 0.856482563467627 0.7709588064088999 0
0.22198081271013537 0.8491992427101712 0.8789036760082982 0
0.3615386084641772 0.8335733530648473 0.8129236185655473 0
0.8796773567711643 0.35866740316088974 0.7818205940518317 0
0.1341797344591934 0.0568694778232115 0.8881531992544345 0
0.9687691309353647 0.6433916650699476 0.6237319744038846 1
0.3685522024545881 0.8688391474213872 0.751855363783375 0
0.19044388519220656 0.8272181308347093 0.10617633052737685 0
0.8079113795995028 0.9123584706419331 0.9904481668500391 1
0.23086077154992057 0.9444500793938265 0.1753267345692645 0
0.22208503007239522 0.29120854775347427 0.21952199795944694 0
0.8650018992580397 0.25153887029203137 0.724670866770622 0
0.9495563291146598 0.012987158926180298 0.1690744926600498 0
0.03665287599759248 0.1533452855320696 0.2880442082290441 0
0.2280466105991681 0.8353467274430311 0.26506999542305343 0
0.632883253983482 0.3216494613632671 0.3577885266070512 0
0.9811578599831053 0.35275540160528174 0.7686939302503206 0
0.3648449263567721 0.8174229562233231 0.7876235511459164 0
0.731577357047138 0.022776445650124932 0.9681738052567186 0
0.7037087732948805 0.12450331724882047 0.255586493482133 0
0.1890719408432362 0.03421883103601131 0.6755621159477633 0
0.757556930194491 0.24786327570767896 0.6523354655501915 0
0.20307457956486097 0.3365136319718576 0.3721121368711764 0
0.16694198107054437 0.6688736661612872 0.3813228218620781 0
0.08961936891755395 0.6075456919855727 0.9284490356805212 0
0.1932553887457371 0.845364570249796 0.6667865710774897 0
0.8938868440539975 0.706269104540575 0.6060092740094338 1
0.8772362936854898 0.9435276986593689 0.14263430642717034 0
0.04833826603180846 0.7298495789077388 0.2344987201126537 0
0.0456933180200757 0.8133373371538326 0.3801891977563222 0
0.6225604021957832 0.16437351249323606 0.8429784107236346 0
0.3478868567863601 0.6171999340286927 0.7524791934829776 0
0.9680937849988624 0.8664785397539979 0.21500220594675457 0
0.9680352750528836 0.6635524967868105 0.31280517747343084 0
0.15188404004692668 0.9162574166161465 0.07833138304357856 0
0.24217137535403865 0.055338682996906696 0.10611949290093714 0
0.11434519433892953 0.6044584131995809 0.1668061127379572 0
0.7669749638509994 0.01788169508990789 0.8227668776692157 0
0.32981587379911814 0.07223506694748172 0.6689252633053376 0
0.17783750415762634 0.15823781601646114 0.010398264581447103 0
0.7632427373428068 0.006306423864187449 0.15456293345417238 0
0.23802771591337746 0.17376345589356768 0.781567269865176 0
0.3969451030726434 0.36984708745219963 0.28360316358303794 0
0.9000733117949201 0.9255502420391574 0.7278044545686871 1
0.0761146323946652 0.9359856296302788 0.24158644127104656 0
0.8144551314477354 0.753539898306433 0.04425227424411349 0
0.06647128365500399 0.10555044184479878 0.36629200270864626 0
0.7022765655462923 0.6998088945630014 0.04452343128333691 0
0.16663514576899585 0.3596430685470954 0.14303273789512305 0
0.9540225429026821 0.8785625054070416 0.16119560621698592 0
0.07340763434076769 0.2642424904276012 0.2823654761522443 0
0.3698801883937055 0.3816002126638758 0.7622578971395083 0
0.25853809113369985 0.150163217365738 0.7222173440224365 0
0.6236400288808208 0.6242087838002907 0.8456983956973756 1
0.35523410136013955 0.7755473246889186 0.319291687929936 0
0.38890399545427123 0.2929610344051522 0.21139862917571894 0
0.39508093252036214 0.9583334614955744 0.7726836694300462 0
0.2269854256370224 0.6229496037504428 0.7667602505485158 0
0.6927078299250973 0.33765242196308876 0.764363644542607 0
0.3184623555067435 0.32861057983200626 0.8897225511670463 0
0.051026341018797106 0.6936833460854531 0.6857889188620987 0
0.08298740017975015 0.022924786693101495 0.8207165032071997 0
0.9626059270876884 0.7856371981041075 0.2480310284899505 0
0.10632288552149383 0.652150910992826 0.33165456738951415 0
0.273737602928554 0.1162925262659823 0.7185177978542704 0
0.050559955858733074 0.9293237811023417 0.001372022433453024 0
0.8303776567136258 0.17269792859264332 0.29477866587505397 0
0.366209312984745 0.8089267974299451 0.29464420416934056 0
0.37866302797837925 0.898279018077973 0.9900816413082806 0
0.11554815355170167 0.32734781369579746 0.7886655534944711 0
0.2542311597625849 0.2663539223818051 0.9891441340718075 0
0.9125441369895883 0.35998174463049204 0.36376695138307813 0
0.7732988266167494 0.3143046610229925 0.22924525810459173 0
0.7742586974786133 0.27225282638992 0.1962134761105475 0
0.9685423793488928 0.3159758773339577 0.04560120199191686 0
0.601931044673693 0.3365959186028833 0.08861681701886992 0
0.12525682337085076 0.8075397913850104 0.8684375886150087 0
0.7784461268037298 0.1007700228231646 0.685511851272171 0
0.8435606471323344 0.8018762609987549 0.682087835960792 1
0.985561758951929 0.6566823896693716 0.2738291598494935 0
0.21277196422873834 0.373340023109788 0.11395678516714258 0
0.7098618858110817 0.23274502375063144 0.7752579866441068 0
0.0946424542223333 0.005297709708735332 0.816160358858585 0
0.18000019103084752 0.315228832615038 0.22095183592543177 0
0.07161745104260353 0.6562225989689195 0.6347303368708194 0
0.09679876519180697 0.07594245815732603 0.33644849426841195 0
0.032957402127747226 0.005574914228609562 0.06376660373790255 0
0.9081402116757895 0.9040034093251766 0.3319866035164757 0
0.19864750926640762 0.16723717960618123 0.3103402884439457 0
0.6897660912981898 0.08403764312978068 0.007911265905535592 0
0.6244695961607972 0.9983653899966384 0.8224827081796556 1
0.05073530308867713 0.14238202422491164 0.6895442681911411 0
0.3792998702382888 0.20103106245583013 0.931455104261493 0
0.7789654900765034 0.14274998886251744 0.8310257857186759 0
0.25989586973638057 0.18645593783898085 0.03022141293006997 0
0.9677867234258088 0.9908753044902435 0.771124782845074 1
0.9010031734518822 0.715232853514455 0.8712390520618525 1
0.08049235886649697 0.6896985957708616 0.7547938521219262 0
0.9184762370502182 0.7589617683200448 0.2558329778370214 0
0.9788590580556151 0.6403714632018859 0.6046961935079409 1
0.6852213885336059 0.13692669750342745 0.030099940436002615 0
0.998842725545376 0.8019994410460325 0.7566302958015045 1
0.9868194082552779 0.8076572308558778 0.17832608609923872 0
0.8078652125293035 0.20123403975839704 0.8562889336353944 0
0.9597078025445188 0.22890696015782452 0.8665521547577825 0
0.11040685762933866 0.08552901706919647 0.2841746642984806 0
0.7100006555431607 0.2716027976731157 0.828370574999585 0
0.6671746878095667 0.04309150122679861 0.14903597910810307 0
0.19433713812958264 0.18965166980522508 0.17560603480825843 0
0.8244810786836687 0.38508435050799683 0.3286853221476258 0
0.28519516998267136 0.14829545468191707 0.927575501995161 0
0.24490600747267877 0.0800484178778732 0.26906394474757755 0
0.8001456777882502 0.2012000610871354 0.8773476841370512 0
0.2678406538449477 0.08189905356681981 0.6430673347664269 0
0.7917303353271207 0.9319229276353636 0.2685028918632688 0
0.34266926637576844 0.30195988727316214 0.9311649133655407 0
0.3057458378447533 0.21687013381568476 0.15568477293833605 0
0.614922689984886 0.30507924057207014 0.2684799670191945 0
0.8220541131041001 0.8374506727213233 0.7344190364570832 1
0.8269742429617867 0.15916339810781244 0.8674626492023702 0
0.7665184690278227 0.05369864723537643 0.3464227221689403 0
0.9253428803686891 0.3978464782788006 0.7883306662408549 0
0.7351287628471065 0.8034529787085712 0.3991857187531368 0
0.32245140790658555 0.36023049782599503 0.35296270434894306 0
0.24379279194473968 0.6569211965097644 0.7489746066465828 0
0.05328372384224167 0.6466309613324619 0.7084293003466798 0
0.6964878060264587 0.9680563147062382 0.9120662082462432 1
0.9311577068276702 0.9689483314171605 0.22546899042733248 0
0.2524695558124308 0.3962745856478518 0.16148248506142227 0
0.21239994150917785 0.674790864400087 0.05262309710040525 0
0.2536770899080294 0.06968253063147045 0.3047880786018198 0
0.19064975371848103 0.1711040227956666 0.03512409741375733 0
0.30788208632366576 0.2410201319633194 0.3754085136662628 0
0.6819567536788058 0.8986323648020375 0.3735633752270696 0
0.7550558580256533 0.9120309110946643 0.8458514582544284 1
0.008918878996405422 0.16426305095080118 0.9568061891165922 0
0.655767901636371 0.8692409977213206 0.34263669039234335 0
0.9339266985532059 0.19423228346105803 0.24551940133909878 0
0.82968295609193 0.2976161637207302 0.15987430431778993 0
0.959806286544622 0.04485132059998098 0.8717383095007851 0
0.9826746297472096 0.19524297546928748 0.8747409849005148 0
0.7279753795259051 0.3885465014526138 0.06663211569172334 0
0.20202384933143258 0.025963766499805585 0.33449928743251667 0
0.6047446865674944 0.8818680630270664 0.751441271330195 1
0.028615827530601545 0.9695185749649445 0.025533138569937552 0
0.28880911892116823 0.06483085878508521 0.9957776900504917 0
0.14285700320869177 0.9520002380190914 0.7969205623492812 0
0.7832989580788703 0.998574586840765 0.3263361067900512 0
0.016141382738971255 0.926742186145765 0.29246625374773005 0
0.7248434093321244 0.055997173911263465 0.94014443668147 0
0.2512590525686228 0.6044045022051162 0.6364742560528602 0
0.930632126772928 0.9328508381372969 0.2427687643055907 0
0.22743419038935309 0.3932976864148713 0.7884919911757479 0
0.9946228913180118 0.00027642475658040677 0.909494596709916 0
0.9662780865180502 0.3998065662578705 0.23163113371519273 0
0.37380818002446947 0.2577321145818543 0.12967295003333457 0
0.7293240767975399 0.9658030418869579 0.028917333438189363 0
0.08938128992021954 0.8137563959341179 0.0935838127407631 0
0.8577483376744124 0.13816793252910076 0.09962904888754398 0
0.17548516428834726 0.021153283530068734 0.6045126823817883 0
0.045887744664947494 0.7514792118478788 0.6020094679112562 0
0.3606996358183905 0.033091351406388636 0.3293749475239719 0
0.7827334803948345 0.813799334171561 0.7595294531055993 1
0.8862869426498774 0.3962686359463824 0.9282573412782595 0
0.18907423761050357 0.8299728679908053 0.8007141853235169 0
0.370645708791977 0.9075380774032187 0.16310332018252582 0
0.14889721441241688 0.6274415064003483 0.7364715885048105 0
0.6104761795297602 0.9455519529603644 0.23212139853727487 0
0.32762467737156253 0.8699086314069995 0.9683576798243678 0
0.7857447801360421 0.06579212190646078 0.1025908879319738 0
0.2705839676629629 0.03802379566674785 0.9066168875052301 0
0.32666984046604464 0.11729027045878215 0.7723603450452519 0
0.18963952723025534 0.9224915837013377 0.043068643989846556 0
0.6973769444517239 0.04068088326553898 0.8846080603572581 0
0.09704857190414529 0.3345927156057713 0.23810066510689187 0
0.9406840099618089 0.699387668702246 0.7780745250124161 1
0.17815311117152233 0.1411588644621784 0.9888270071432487 0
0.7677901518650331 0.10926809891773825 0.9897362309149482 0
0.27723281386486565 0.12092881202025096 0.35818973213982874 0
0.38363184917369986 0.3983660828035024 0.9060287784609036 0
0.9679697044226568 0.07453449239693322 0.3266316609970257 0
0.3892205199819404 0.3245258713525897 0.2871634475570626 0
0.7335464928760168 0.8910242490361844 0.7556171509652702 1
0.33875756915589306 0.029236059192577324 0.8430098587088847 0
0.7402489124078185 0.3479377518382587 0.8090557350624339 0
0.31211582768331325 0.10753398145087711 0.953552056191018 0
0.795312009276417 0.2951079535002378 0.9956904150760452 0
0.6022276678729037 0.3825290937356486 0.9667878323925551 0
0.8217071415015589 0.8522945347457747 0.9067957312198823 1
0.8167162649269005 0.1507839153110503 0.8036811345016136 0
0.893551443666247 0.1285861360749042 0.9352041790241127 0
0.9349528277268433 0.04825693639418238 0.9172267072113812 0
0.7393296711290774 0.2773138054673491 0.9001439567441885 0
0.92522268439684 0.7869127658042405 0.3051243926542102 0
0.10066309091872594 0.9997753514536134 0.6983249368556673 0
0.3170751711676225 0.9563527623318087 0.29356646798739594 0
0.08557574915379107 0.3534328884145099 0.8270118345765213 0
0.1391919327092519 0.11087377446997226 0.11229580058861066 0
0.011028031708696928 0.9470687567340786 0.28896197109639554 0
0.06961045530582266 0.8150298313299329 0.6087561655644289 0
0.6693702235009683 0.18759194100426124 0.6691479423434652 0
0.695428058498247 0.26137963344506 0.24824081530641406 0
0.26931085890661544 0.7677103765612662 0.6083710095205174 0
0.7531386171483149 0.11040356993788203 0.1473390018082288 0
0.7291231880387088 0.7462611392640222 0.2910920750878714 0
0.24123095528582938 0.15987758226695492 0.11291007256551588 0
0.8958136609296001 0.1865456685702399 0.03159740848041681 0
0.19829296740854407 0.9325950743728633 0.3590773769121596 0
0.36476821095024614 0.2431978441729814 0.6568393105282 0
0.9575147177919071 0.20083352569664892 0.7260660582205325 0
0.2976253917327346 0.9794229229396287 0.7123708685524631 0
0.3378835910396898 0.004256577328681899 0.0677944798976513 0
0.6957096157153417 0.2814697250058097 0.7602834199661967 0
0.017121662648368785 0.9887918749080343 0.8622350663666957 0
0.8390739605533671 0.7832153235192717 0.9514229389918402 1
0.8414755800956353 0.21778638853068888 0.1062596245684756 0
0.24304440603277488 0.8583969392266624 0.37916415457203034 0
0.24251639390270585 0.688085246505751 0.7627166878443503 0
0.3683149085817303 0.8314300876093885 0.39173082099416345 0
0.983905112838467 0.6342460882315973 0.08810900688140388 0
0.6767726923763608 0.6459657745572206 0.9793127127048874 1
0.08012118575559135 0.6899293780975395 0.7260550032758086 0
0.8589489088607222 0.1815989955843268 0.1730207450961846 0
0.34894357391450015 0.905561058997748 0.95069770077675 0
0.9936448630275345 0.8595220970382939 0.3348018980557007 0
0.6514948583464553 0.7788032522122096 0.7338943330322213 1
0.8385960418920161 0.9791274071295772 0.03599797861284659 0
0.03714824794746885 0.6172258754686512 0.9123848031427383 0
0.6341625565591361 0.26452221208142224 0.22951974884531035 0
0.7454847115002227 0.6581308249101655 0.7338984402735514 1
0.9599284772867347 0.803499456202741 0.7128213615938334 1
0.7689704405361314 0.9192583913210356 0.2955090520739294 0
0.9633805794693012 0.258615809801506 0.20694881965302803 0
0.7186176515975196 0.30742756466163046 0.008816127162575405 0
0.916988374878308 0.6165581285911764 0.9727397165694074 1
0.9632343623037158 0.0923341515263223 0.660767756577364 0
0.6711414256503638 0.8378081138003673 0.9464125892950265 1
0.1673078664333293 0.03374397022120312 0.7574828627005927 0
0.03651423939192866 0.07638738616667018 0.001613232802311182 0
0.06713567508976959 0.16418391399189247 0.6311919812543557 0
0.05272614793715713 0.9479948017908313 0.3947991791779566 0
0.9611387011623417 0.18897077823991493 0.6050859027183263 0
0.7199919756897315 0.9515759482030337 0.10661251584929443 0
0.23065962773133875 0.6902040408517651 0.965857038447576 0
0.11208325356741133 0.7479056680895351 0.9040178393928024 0
0.12168843331994539 0.7118397421738437 0.15528991082335664 0
0.8687875773871848 0.1224927180934875 0.24048921345546048 0
0.8189839432876772 0.23859314578374602 0.7386557214844979 0
0.6463544102707647 0.016758988027186783 0.8037791745081256 0
0.1199400608001916 0.14784027103548325 0.027030014972442618 0
0.6530166659858159 0.8908356078050205 0.07487741956644411 0
0.928883778116515 0.07383586811675746 0.9932824186416137 0
0.25812748536942387 0.9295587909002959 0.7356943493326276 0
0.35255790625218275 0.7749941009481771 0.909853240337281 0
0.6839219481094146 0.12680423781422823 0.7659712252499546 0
0.21532056672485644 0.22119408234164717 0.007593628333151581 0
0.23224395233595463 0.694477088989596 0.34909595885167544 0
0.7228996167316425 0.014786558160120866 0.08715895474714885 0
0.10923284378376874 0.13259825907828449 0.7039448079363699 0
0.22901157968131536 0.024188972385034258 0.9652134234353363 0
0.2335651907711801 0.34758637363572487 0.1613478115923861 0
0.008643925769328265 0.07298965414977243 0.7477357598351817 0
0.35055778248705394 0.7456198381867156 0.20468582332943996 0
0.09113281420931563 0.9040594129591287 0.08244952194063038 0
0.998502072334036 0.11703432832970184 0.9502114298031497 0
0.6609178915202895 0.6231019475127074 0.8893024861963863 1
0.3412505959717478 0.9870930995790916 0.07308489400543428 0
0.8994695127754396 0.10231799607619219 0.9063401787890937 0
0.8567621744934361 0.7021088979644591 0.9980920500329128 1
0.019651296837447374 0.06026829458133498 0.7560851699050274 0
0.9436232347390129 0.6667563549988402 0.10162158856588366 0
0.9841210307234451 0.2946623931072697 0.34260233787724115 0
0.19343538292261864 0.8045408460922 0.10730387416117149 0
0.10249673171005147 0.009523929696838573 0.08547514541279644 0
0.8789545732851366 0.3698873669558578 0.9177418741664715 0
0.724404382454155 0.0927364093129569 0.7744008251745486 0
0.08221279841698725 0.631826741950305 0.24093814025188676 0
0.6926824643681552 0.7282474113159825 0.0683598933022892 0
0.24471751904624572 0.017926594016054453 0.14137976759760396 0
0.8980331332309435 0.651747050853932 0.20481791340737088 0
0.39337644814637107 0.23757554895080968 0.33396919043142614 0
0.025722405226591305 0.7561598783881801 0.6409467949438867 0
0.8034906819536255 0.7212106871537683 0.3910000710302768 0
0.8463974347398632 0.38566119206460214 0.0739840134386015 0
0.23095749721087777 0.6636175304285465 0.7012550538757119 0
0.8049542339817314 0.17695335405246937 0.9527939056260554 0
0.39808034025532557 0.9668615983518059 0.343819468011786 0
0.8738045730999285 0.7443668587656266 0.3096222661130239 0
0.028289760787934215 0.873793614764962 0.3794922601691211 0
0.08148565899363192 0.38047594255991457 0.07794367895852661 0
0.15297959217665236 0.9410079537857392 0.860560253601455 0
0.6765181854584242 0.8516860984029332 0.7662157307265473 1
0.2266343563434161 0.6102920643392414 0.26263113887631895 0
0.2749677034109147 0.1107736734906144 0.7507274536689247 0
0.3629146084322237 0.7689849660686747 0.7960479263179864 0
0.6456581254668934 0.9124552416852298 0.6390064766723946 1
0.3375994357178872 0.7767059592468709 0.00702842813876825 0
0.36112019298470066 0.34814722764079553 0.9743161727702465 0
0.8587667286124145 0.7464307833828181 0.025326449733624412 0
0.6104502422412902 0.8187730898849541 0.02874910424303012 0
0.9127135112371177 0.7219051556309982 0.9653843656650658 1
0.23004350990674072 0.00021692585075616666 0.1079216625103323 0
0.19406889794444016 0.25672199125652806 0.6077247889628609 0
0.6762166015260539 0.017160422346161663 0.7239892503015064 0
0.1296103144147046 0.30144502140113105 0.712220122059385 0
0.9951071103117964 0.10724097881928762 0.2502601554534376 0
0.025939377780110795 0.6613620110744002 0.10812314429480474 0
0.3210928926827339 0.6393401390197374 0.38242207697759445 0
0.31421247857438994 0.3405043406899022 0.9534724804015486 0
0.31775266876814534 0.7699630607773549 0.2825009950944778 0
0.6433491213837342 0.8722111740349459 0.38874733053673727 0
0.9551085289658677 0.12742727777632656 0.18027255535989517 0
0.7429698727391649 0.3761941385898224 0.9389844108929436 0
0.6250271438359647 0.7336816632790466 0.8777552039185451 1
0.36938609858680793 0.3053544586478627 0.3376084784250506 0
0.18859745915472959 0.6994640642403788 0.19024878773649 0
0.687641533128203 0.8334043415555241 0.7928770230595135 1
0.8819875575966042 0.32604432870512956 0.32732527838323355 0
0.7328905567054291 0.651406270056583 0.06298741687702969 0
0.0630409451198487 0.01549860673525938 0.20165177229194975 0
0.9661642813347967 0.765104447731805 0.9221721237710025 1
0.623721291752868 0.8044194788180682 0.14894649415949612 0
0.7374591736134002 0.13604067638706352 0.08972089450437426 0
0.37635833989930534 0.8964898220664159 0.7742418510047185 0
0.38567275430173376 0.03347800684228264 0.001328724131569814 0
0.2618882130181518 0.8902269757695148 0.8119905160699478 0
0.7896769823414217 0.9043104773517634 0.6481688426827662 1
0.6580574366739459 0.7130386722546989 0.9496903302610369 1
0.974455909139086 0.014100559476102448 0.7403420732047238 0
0.06133967069128621 0.8714435603191202 0.6879712770145875 0
0.1311840198389097 0.28290893640612225 0.06104333845153209 0
0.1290025001371824 0.28628806815859276 0.6975321880566742 0
0.632497837009138 0.0377599511995117 0.7445227309287407 0
0.3953225563865608 0.21527822471147484 0.23920068617205903 0
0.02625988386024336 0.3762818251625897 0.9349309949254552 0
0.19126467075429898 0.6569292746287504 0.22482728986032785 0
0.9727707982815998 0.9850262314903336 0.2145949225230701 0
0.7941997238601352 0.22073102774552888 0.7958435049014426 0
0.6486978158910255 0.34992962631060975 0.06238929654194392 0
0.8368998550143293 0.24381939602737113 0.6139694379069719 0
0.14328541963560648 0.9504917132198296 0.0828442281152536 0
0.292323982569507 0.3534193966629777 0.6206893957789351 0
0.09944137177132806 0.2538684430949322 0.8522808319798595 0
0.7347034481245047 0.27096870769734016 0.30284245940344323 0
0.7088565167341554 0.25300295984100263 0.36767219786356464 0
0.3785260415926367 0.28287257641486474 0.28083193129600037 0
0.04031941011444917 0.7974431731976833 0.762871314931143 0
0.1449178431153193 0.06810665013952444 0.9111275265659208 0
0.6084601653190167 0.30757078000320814 0.27604769595122414 0
0.836835698653788 0.7320952463480818 0.15392224371397045 0
0.9027089724182076 0.9572310745150847 0.7611196783062134 1
0.6704300558602507 0.014861070486075989 0.1376925824265367 0
0.12726187614246043 0.9015165149418864 0.9256902292571215 0
0.6142620013690179 0.9354235957413598 0.7055036876788497 1
0.9912065323778979 0.7598548816400976 0.7269964992703606 1
0.9620450372063832 0.06802186653371778 0.23979981538105877 0
0.8238744311621066 0.3083005929642958 0.8638375771969136 0
0.9814032150708818 0.9889550173942993 0.04767532337442115 0
0.758840803877225 0.8843953714791123 0.9480297037473192 1
0.26839734957030414 0.3209313050505722 0.6853992431306423 0
0.7126082995575195 0.08733654783252542 0.8377176761772607 0
0.3757482455787481 0.10030356667044582 0.25314731074344443 0
0.06783916336760709 0.8937060380021971 0.7354679570269027 0
0.657179647023842 0.7480200901043468 0.6998016112554825 1
0.10145319484894777 0.0682915420861343 0.18105322245391453 0
0.872775663787635 0.05929188774243166 0.9770641984578665 0
0.98887807344351 0.6620054302190855 0.1337194802864452 0
0.7898848692459584 0.7981549583673581 0.33185591575290907 0
0.9942667303630576 0.6426082787174074 0.7890553376632526 1
0.6893940144564015 0.31528347548233415 0.9696085617659902 0
0.9549304619091844 0.09733429318253217 0.14277465208983198 0
0.2915556530180762 0.2722751184063458 0.6639016119572987 0
0.701259117135053 0.696623148816434 0.036557397759235166 0
0.0059129889494546894 0.9365215202480829 0.07285666529176149 0
0.6833925452747083 0.6464542132685422 0.6010343056572198 1
0.2058659599237822 0.24841858199126843 0.24043504334854193 0
0.7806808259190273 0.3142035832333926 0.9357902856005494 0
0.3081300165059294 0.039833841764578715 0.8140330765012721 0
0.23914711138673972 0.11500695181609899 0.8722694534217357 0
0.2936901805350678 0.3267122261473543 0.2346869619877946 0
0.20043902251675327 0.26376086100498275 0.0761665289477087 0
0.9054798318655665 0.1225157124518248 0.8259469332144929 0
0.7008247099002507 0.18615857077346543 0.08850797869037785 0
0.31961116213851615 0.9728107777126502 0.8063594411717597 0
0.8390938946214295 0.366528318288734 0.9736808526710454 0
0.6732967856921427 0.16546910131094617 0.6483453134762197 0
0.8888013829612326 0.1271246441332773 0.6362275725010453 0
0.21963540036096052 0.2739620199289151 0.17267850472898194 0
0.3715698511092703 0.7357936672466703 0.28163553998894253 0
0.2616693684248309 0.17370257027058278 0.7815941024839494 0
0.9710440476043928 0.823586968813493 0.653024275756948 1
0.2916021858705211 0.678042109674841 0.9281133929557897 0
0.0028499962789151345 0.10057835480266863 0.3991943711514999 0
0.07071181563127227 0.9954685520340083 0.014518687368676897 0
0.7267555679666877 0.7090788709043502 0.9762212957587789 1
0.1669098510673469 0.9637446918355501 0.22334803305942963 0
0.6486514016438285 0.847947668718937 0.2756145502427769 0
0.9062614218738099 0.3929545191070317 0.22336996152221578 0
0.07849884106742999 0.8999470748382387 0.611480666205775 0
0.3738630892071595 0.1802029037691374 0.9996494129206797 0
0.9265168306445905 0.33787970920924204 0.9181992544811955 0
0.24067847742073156 0.16445229358963642 0.7889452248888651 0
0.6128184942234307 0.9762945317968302 0.20944862910233497 0
0.795409808987779 0.8984274746751878 0.17642511290087814 0
0.1913181240899292 0.3970123907604597 0.39335542849592886 0
0.7091837067146844 0.6359453391157784 0.6125285709556172 1
0.7551300757505648 0.7459594187828811 0.22096482902573567 0
0.12343019652956377 0.8493750072857174 0.3089888263910442 0
0.7940253137505219 0.8697093481650163 0.7198081362322676 1
0.711712622134553 0.3991781519619062 0.11818369703832032 0
0.3735853202854491 0.09717493011147205 0.6703579851271464 0
0.22365758626672794 0.1706609813473121 0.14026775711666084 0
0.6982774876795835 0.34984259282364716 0.6110928209308161 0
0.07878488343967194 0.6691937226172774 0.7873149850895992 0
0.6400142931363937 0.6177325432611125 0.918506866469617 1
0.05659332777455339 0.8371755390623223 0.9660037024014551 0
0.36575467072992485 0.2684192559412826 0.8492779632613487 0
0.3787637486429274 0.8531221768571241 0.09745402094511857 0
0.8940511927097989 0.23502992108097243 0.27645224949073466 0
0.20457730476193803 0.6367564063933704 0.015886022918788267 0
0.6283726956024751 0.2618736841510634 0.3218901483802773 0
0.9525168145727791 0.00041095413241776235 0.6090452303244679 0
0.33658449213846364 0.8377719489455143 0.6289741466160699 0
0.18854385443343336 0.9700937610995408 0.6517176441115125 0
0.8183050650881106 0.978189164029066 0.2865938526921362 0
0.6162244678304863 0.699120670958351 0.9129834226149705 1
0.8901460771736206 0.1411753717188171 0.06585630365674722 0
0.3770132867778613 0.8074220748187765 0.0899577282198939 0
0.01176929263388915 0.710400665738822 0.19006628129060976 0
0.7559787720137074 0.08765111628004418 0.875468036006891 0
0.8671510137719324 0.38949941065300975 0.8691646267643448 0
0.7876379628687742 0.368485758430268 0.1118101957333898 0
0.22375872321299972 0.28903033272657463 0.18968914047215168 0
0.3782960157952421 0.8903192598247555 0.29220546399308145 0
0.37899588854992095 0.0034951473745772343 0.9071252630908739 0
0.7107397003682806 0.13399885464342098 0.7960387982457068 0
0.0853396553021295 0.7549115093248944 0.3465660056300156 0
0.8068414758925442 0.009936761341042932 0.1728977264885524 0
0.9399402659263434 0.021643838017048278 0.8013961595177893 0
0.9176073559013329 0.31010907582102076 0.909754022900612 0
0.7514433819617564 0.09605196831104079 0.010988286440791972 0
0.9728478046609065 0.16604055145293262 0.15043246017959078 0
0.634283631173016 0.06147908509166777 0.8294063863817779 0
0.7321565276458429 0.3987347630614583 0.120728581436089 0
0.9411855609342278 0.16062017087695213 0.3782273094649571 0
0.746633754313828 0.34884247383175493 0.07340127663348384 0
0.05397869111663056 0.9976674314161033 0.00017054683052331043 0
0.6092321887262278 0.3961901285177343 0.8454472881545101 0
0.2586751961658674 0.9240358313931238 0.6394029761241833 0
0.859471507659364 0.13452328877835784 0.3696504725935613 0
0.28136566173284594 0.9363118936199384 0.048427698331861 0
0.15575583202634302 0.8348876974627313 0.74783969795247 0
0.15158729380196778 0.1355591506209628 0.08407731638386473 0
0.2129353485661365 0.6306987061167153 0.29409028093560574 0
0.3670409333196978 0.1759699404824987 0.9000929439539823 0
0.2038173365448056 0.8152187503933757 0.1438234310843033 0
0.26033218402958946 0.040378936223182116 0.836756030742184 0
0.2731222278976063 0.663919081086198 0.02394787006415644 0
0.8320470498838121 0.282654065239069 0.06542691786942667 0
0.16630120920256664 0.3076606860294482 0.011334165248461314 0
0.3221836460539369 0.7843403495993246 0.1456929264116028 0
0.7626598374285245 0.6494906812909236 0.3345818461871264 0
0.34276787070905657 0.3620372372145503 0.26250716854915124 0
0.8988070964110662 0.130487578145275 0.31051333751650234 0
0.26111234682397677 0.39276806510194107 0.9972582311173419 0
0.8574932533742481 0.35113592004572813 0.36388698182342294 0
0.2939406296077063 0.1404331703902605 0.7960628313363284 0
0.21057421195249992 0.10303092151709081 0.23192310382232018 0
0.6206783083920585 0.9511159670424479 0.7054648490861715 1
0.8593536421197199 0.3407391269377893 0.6876593404259214 0
0.7512436822730177 0.605287051751229 0.1734729767626414 0
0.09113804159562378 0.155769720192537 0.9352423768124034 0
0.03355969695086414 0.23720065476332064 0.9931375595367864 0
0.2617082818827965 0.7288845982339355 0.04508032621306657 0
0.7066032850703595 0.8499395273259694 0.2702953657336733 0
0.08540292555869089 0.8911997684724428 0.03894329450180245 0
0.20013175502550984 0.952945909977911 0.3981744131289485 0
0.7797146569075859 0.7868626268469809 0.746277541155457 1
0.15637044219534812 0.8603810315945091 0.6488451519004901 0
0.36857709961710583 0.9485989119549226 0.7049073467714045 0
0.6958065889836991 0.22238591048374068 0.29069565362650396 0
0.128361883642365 0.3079437278684527 0.05007896356898889 0
0.7902251295327071 0.971494473851681 0.940038470931696 1
0.17811100030244686 0.6501841882804982 0.9755938013195482 0
0.8584955522366173 0.7462176544238924 0.2307962485934113 0
0.2710759372782592 0.7523235591942682 0.72612132946053 0
0.21932285005009133 0.6347090866713052 0.35721514857647685 0
0.6420900953859523 0.9224499638889919 0.6113181836433164 1
0.1891107098951158 0.7349041664405779 0.754670503009685 0
0.05249506559109374 0.6356767730750705 0.7486858743046572 0
0.3191080811095912 0.697366742820752 0.0642027627682562 0
0.9182570308777682 0.8746261878689584 0.7850271958556924 1
0.002229034758919113 0.37510708544093074 0.6365560381993992 0
0.7505913267590761 0.11254118147980852 0.7660126673212618 0
0.9695208209968962 0.33317031473717085 0.35336294070757257 0
0.09265880858530828 0.8258756675940219 0.8287128406757182 0
0.011989972429495621 0.16525082145949732 0.755847091980796 0
0.0952866042118754 0.3625891442874001 0.9436947602991785 0
0.24992087689633358 0.6064841894794071 0.37908505208209886 0
0.905556640814353 0.8678051930879905 0.3720293812527474 0
0.059529690086053466 0.7587900671477048 0.3670670895180055 0
0.634981057594745 0.6876843353096316 0.20976603779543457 0
0.7130631741357459 0.9923701456927481 0.3484482932538654 0
0.3425898164773331 0.12895878597996335 0.7425913135525232 0
0.747028576211057 0.7550820146295892 0.20902404079248116 0
0.7455568977910924 0.3268969409488307 0.2699034704877672 0
0.39612956289780543 0.38899274123176886 0.6603083551941461 0
0.7995291369874612 0.21664518315392 0.8593682930194805 0
0.18154957562884977 0.9575027882116232 0.14245636901764724 0
0.9198465030659913 0.2409770260200811 0.9322702380883952 0
0.23831127263127772 0.003478566610527367 0.10721584482359081 0
0.35540831372209347 0.7750607571165201 0.6944351174828594 0
0.8053954104703459 0.7876993140805141 0.8043611527843547 1
0.19757043002260188 0.2595098266767548 0.9243705604787968 0
0.23030941953590311 0.13924899336173224 0.14620066599417003 0
0.284209064624086 0.6783806853903614 0.9446173895965243 0
0.7664063277483197 0.3253696870129875 0.9115538446509819 0
0.29925957093131217 0.7038264366979806 0.7473368980579133 0
0.33478177050021907 0.8973419831894037 0.3151591399152316 0
0.0607935929857758 0.8709382449742425 0.2837163058828326 0
0.818533793414868 0.09941506818940993 0.3900361351742372 0
0.730669615414322 0.8809813837471593 0.6501745816092004 1
0.3200358848289424 0.3849957519259042 0.21287116260366712 0
0.10899848104299292 0.6131278078489832 0.03653547912634725 0
0.9677390625098014 0.7939215329034229 0.11205351280991582 0
0.3524540906504766 0.7898038205744836 0.7442032761387756 0
0.9174190469214945 0.8489139074085584 0.744106212496805 1
0.7571752100010029 0.7406945534760289 0.8071588203999517 1
0.2878853183222153 0.25365803730748904 0.6790429519405847 0
0.9615188391625183 0.03965872938828752 0.08754248959072009 0
0.19683317924701427 0.8555326599998608 0.31011417114857165 0
0.28322454455211765 0.7055143435470262 0.6401737608706545 0
0.1176965168539067 0.1320416756404893 0.6670774665371055 0
0.045438350585110476 0.7608771936936222 0.055187567261294146 0
0.9320284102458087 0.7433837204332899 0.9710255064880934 1
0.2502054750515016 0.20388224371141594 0.8837999193572165 0
0.8752345073402712 0.2797457285320779 0.9146520284578079 0
0.626306725088948 0.01716608146072085 0.6344753491263568 0
0.686829011833391 0.8545767418963413 0.05337436432579623 0
0.8498744517842642 0.899023916214254 0.8351470323073306 1
0.11151792573693897 0.6947571755933318 0.14233957663627728 0
0.36312088436184786 0.10271646057946104 0.788766959881282 0
0.9288190331185671 0.2690852812130602 0.2050270938872798 0
0.394073065310524 0.03445282634288882 0.774885230567273 0
0.6443304601105367 0.15479932006625896 0.7555757820090819 0
0.8312216175303628 0.1694334503715479 0.9844571447374292 0
0.7815796688214434 0.8777486168223464 0.7733200179476789 1
0.6266088157399482 0.016555387832389412 0.13808279591040995 0
0.7423981992212345 0.6629738913123294 0.02179358264151443 0
0.7236358310642157 0.12275964830726849 0.6987136677623091 0
0.27323164702635705 0.11290027039482431 0.9037551036980314 0
0.04029669891299892 0.8337620793508559 0.34346643697652823 0
0.38770719290667865 0.6913170664060451 0.26050750041472137 0
0.10910058488628538 0.9904827303966685 0.102758621524915 0
0.10510383843023197 0.947148476773218 0.12316310853298507 0
0.8422501703947004 0.0009981723675677179 0.17282665254680107 0
0.388150197178434 0.024037521644229898 0.27737493911650035 0
0.11317976498319338 0.6242342550323909 0.7818420536256093 0
0.16833053409277143 0.8179091146418802 0.1039161765848502 0
0.8853803785462802 0.9910905863415193 0.16190478541863618 0
0.6250432082761064 0.2753616399361216 0.8857508512407982 0
0.7913718566007066 0.08377681103524415 0.03619004635667056 0
0.3252949799964848 0.051497014151221654 0.854477403369802 0
0.8787068754115479 0.9978974982653668 0.2021853604228 0
0.13625994455973534 0.2952080308024385 0.1672293911838718 0
0.7459381404874835 0.20013729874995656 0.8456776578940234 0
0.10171017085788658 0.9562634089763818 0.6591872585456234 0
0.32202700306339316 0.16545871307569204 0.13487998646891208 0
0.8455887734457825 0.14188232597073958 0.6688891639809125 0
0.2550942866201106 0.23673830212799118 0.8715660852946344 0
0.1492302725183633 0.2761786679136591 0.7898419809555196 0
0.7342695077979274 0.14445731842207865 0.7552845933302637 0
0.288155790516875 0.19453225891104742 0.7251123027128545 0
0.9749516985655788 0.7364090889075249 0.9340010304300808 1
0.9912815296962538 0.1481955735769518 0.6448313509312745 0
0.2835756681635764 0.019180069924152 0.39026827594619284 0
0.6674264479873221 0.016576919757269826 0.3838893316339087 0
0.8374760399009756 0.29672187801839045 0.7198241050966746 0
0.0074817027216577126 0.2836413078092346 0.07414839161327713 0
0.7829893982420831 0.22475770610260482 0.782121760278037 0
0.1220056849998562 0.14489936877520515 0.8584553123428114 0
0.05292705831144129 0.8334491714166642 0.3140480072900824 0
0.6042214810921359 0.2446231033887728 0.8219862368150864 0
0.07093039091430575 0.7313300584485549 0.3764948797651897 0
0.12316774226324245 0.1019284655741205 0.7560507641397266 0
0.6292653641044573 0.01854669381680929 0.9505407419637375 0
0.27969012288725614 0.333476902717726 0.6732870965037818 0
0.3512901925301668 0.6304834594858919 0.38580152584941463 0
0.6570117308842144 0.8684454146613241 0.1266442959819214 0
0.7486698560197892 0.9171474872334671 0.9709206064830339 1
0.7478460808980019 0.7653888521090452 0.8190102101672233 1
0.60953756106549 0.7448114431212933 0.6853608629335968 1
0.2451707762063916 0.8425666350019002 0.2896960432857565 0
0.05614677048469119 0.3796130707027001 0.00389993530277688 0
0.23062492614451158 0.8608567585103417 0.34016319616355506 0
0.2500033498787835 0.8202475936275425 0.06190410619152309 0
0.03841588720980138 0.14503701511267297 0.9279147706102866 0
0.9551681253448729 0.6151625461967457 0.31078407488794346 0
0.909480440076741 0.9360277458590265 0.9933565014101421 1
0.8265022720263313 0.06729803288046132 0.3445791458571654 0
0.8603459588052194 0.8246737626067699 0.25095450239239525 0
0.8537814476165346 0.9794915335447552 0.8871701057810989 1
0.605986826089202 0.9513352304088009 0.9312236684895763 1
0.37337322866900613 0.14552209257437054 0.2445500258380875 0
0.2286820817718368 0.7940068746324798 0.8228536645649613 0
0.931117094022998 0.7851672142150397 0.972696211683484 1
0.6859740907523763 0.8063319100407264 0.6524059248611062 1
0.6854888481373197 0.9353517025485358 0.10983111561187697 0
0.8379292155053776 0.7371907803938659 0.13823523077205846 0
0.7487407159285094 0.9153701977756639 0.24320019707050367 0
0.2085993513302471 0.29347602323964683 0.24520217596476046 0
0.14419324774277242 0.6330518088400026 0.8260911868516715 0
0.897891690466905 0.8669245348659387 0.9055496530951533 1
0.004440498689213146 1.8548535466678118e-05 0.6061983644386727 0
0.015409459410956394 0.9828064576613605 0.9226508089521516 0
0.8313862517162735 0.11240764956143634 0.7155028658905747 0
0.04471956944946809 0.27523083200852194 0.20274225146689095 0
0.8773646946646998 0.7277248135881568 0.2713461863090937 0
0.7954520828369765 0.21170569034718711 0.9020628164680288 0
0.1654921646967139 0.6086141572313276 0.9230179623042294 0
0.7663853399682625 0.6820939723523332 0.2129118966467839 0
0.7631187023739545 0.6540184419644985 0.2145961324977972 0
0.6248283503782478 0.14739235563343933 0.03699044298799847 0
0.29635507171301845 0.8026701627135849 0.8558544857447161 0
0.7361103142561967 0.7738318226523346 0.7884190906333891 1
0.6464579161705951 0.8129799862279753 0.666546373735327 1
0.17539942520580365 0.09106082352758615 0.1716507625179925 0
0.835589014766091 0.8082994113042764 0.95742185562743 1
0.689246554193936 0.7624600549523649 0.3553473606232377 0
0.03518348919961756 0.9950084642573291 0.009052765022057985 0
0.8210987726553393 0.10751946829903414 0.7723137815971939 0
0.9050660070842602 0.33468140741248453 0.7668181822589737 0
0.11771937388833031 0.37802534998388904 0.6246207135306638 0
0.05064573003635631 0.37141850502836327 0.10802241213229136 0
0.0750939032767739 0.038970145975299686 0.2104285917896963 0
0.19761272290393384 0.8183736480942287 0.0522651488219289 0
0.24960600550242584 0.1412520258769615 0.07689337669677399 0
0.8756407780580188 0.9757283593820161 0.6689110693924629 1
0.36841122142172744 0.3725051785271234 0.33521215516301894 0
0.19887405382261492 0.36258047017535333 0.891799218695584 0
0.2560829189747662 0.09559727347208369 0.6740635524421541 0
0.9408722210720682 0.3263036269837982 0.2214836446135111 0
0.016434422819000205 0.15167915143231747 0.2607771382642242 0
0.6403404354901159 0.3950088952344508 0.3080535228946203 0
0.6967165728279748 0.24122212186330405 0.2815828568266493 0
0.7607964293246889 0.23804736631432644 0.9928495279297296 0
0.6059575065564361 0.8771470676706172 0.37361979706814863 0
0.11921549428802602 0.1227579330013544 0.23458397254535635 0
0.14447819601411338 0.0971164175573751 0.3062216278683598 0
0.219933499209647 0.050867303884669535 0.17241225559492923 0
0.6890552620541852 0.22187210219211306 0.7926111519363129 0
0.6500610806856469 0.3505634897295802 0.8619660350199414 0
0.09192583372566376 0.8185059280998784 0.3776061122977389 0
0.77593309544763 0.09311334743648014 0.6929776031075141 0
0.1651968997128792 0.6027935130753903 0.7864420029934859 0
0.001585132748610718 0.7548922661288947 0.07889630240150014 0
0.10153505890305214 0.7765895433386946 0.06378065719473203 0
0.2254237973369584 0.9345712426457163 0.7045764850269115 0
0.30475202420108705 0.3219236217345287 0.17035585329597014 0
0.3844751363834502 0.8082249601619946 0.17315661100451063 0
0.9608526812532178 0.886790789053828 0.9492865879023521 1
0.21271436678129363 0.1845572788449763 0.27693585829650713 0
0.3293274884057007 0.6651311247319839 0.014767075552695963 0
0.7178470004436261 0.32895484617121795 0.09072515197544351 0
0.003714522052773117 0.9906159909801623 0.7581343910474024 0
0.6688099734285744 0.6267541917896572 0.020456284388046586 0
0.7090719328720582 0.3029995755585695 0.8819728592163922 0
0.7334247552435449 0.013897225735353791 0.7471782435000747 0
0.9924417538346954 0.6135215290640363 0.8079515874474174 1
0.8905271604788243 0.7264576963601 0.9447750205701638 1
0.18077700895312654 0.601529661893889 0.12426243811944804 0
0.1041149451309642 0.7958850064290995 0.8526139530759267 0
0.03368431737433364 0.7051832826015723 0.7438134276635368 0
0.2313053112236637 0.7336085661589613 0.6572464765943172 0
0.0390078011456475 0.8548488305291739 0.15249737152803133 0
0.2246411513470049 0.3389034871532236 0.015438177195547076 0
0.9861019660513395 0.14893679369659085 0.13234474015114206 0
0.8233078186268953 0.031322329342102995 0.2536245295510302 0
0.2355031633929674 0.20050227053715397 0.9803018675556022 0
0.10430221165720666 0.302128044753468 0.041233261669127885 0
0.8860726982383457 0.35664076047748783 0.2942697625788928 0
0.9878125359336138 0.6650821706465938 0.7593192430092883 1
0.9657334275870437 0.03992762479883283 0.156114595278391 0
0.6249990531215676 0.6662570687356221 0.09865469457062559 0
0.7141177958133058 0.6912344778788462 0.10663406017267452 0
0.7089001232473751 0.7791189711963238 0.9622355233144964 1
0.06190673971743077 0.8307096404357881 0.7316561856128582 0
0.8073900793074951 0.3461378570108604 0.31688620604379714 0
0.9260638131117207 0.3172935016079965 0.8626867413258958 0
0.1850914106782875 0.7372842070459903 0.7862813753483888 0
0.016007632335507727 0.0067624993625527985 0.7120982516940781 0
0.9913217004054081 0.8907327760128438 0.20033448343075566 0
0.7497287155758647 0.39932012900500646 0.743001730443235 0
0.9548778124967353 0.6355450359989653 0.918131230356902 1
0.23023579026165797 0.9156855619477926 0.20621935755247345 0
0.6173105014659752 0.34047501725332374 0.06516964565812067 0
0.6096848875950063 0.27580339649031893 0.11671025836563276 0
0.3679562484937061 0.36088704370801106 0.7313920694856972 0
0.13654178145787144 0.8975996299511851 0.3032621852903966 0
0.26527723325345876 0.31870071083448814 0.32428758345548636 0
0.12710423604664378 0.30698486614588594 0.623589248899402 0
0.17293617883618229 0.13637881715239042 0.13710352284982397 0
0.23796858391255327 0.3406072404559649 0.6645714760935431 0
0.32026733653366934 0.6053952418344982 0.6128048935537967 0
0.9746866845337884 0.6044360055878119 0.3935444239325244 0
0.6018627257272684 0.8180433848190105 0.24427726461834176 0
0.6189732318488133 0.8893483165651078 0.9518776466727561 1
0.8086613588039452 0.8408100269373503 0.284198748252143 0
0.9599730723684419 0.002261534315885494 0.6154448959115282 0
0.3440357803658177 0.18639445138343225 0.7945486438677642 0
0.7217587587755574 0.8126463178361991 0.8254329424660946 1
0.7442114347531259 0.8005649605194555 0.6078134359654771 1
0.3864343984619967 0.9567776192618581 0.18090564112244945 0
0.04986492272622478 0.9508194582584174 0.07540480244499492 0
0.09217254940909925 0.058451566176609404 0.044020364571799364 0
0.9923712169115254 0.647248488667399 0.7283919224860119 1
0.9592242431721356 0.22537804662368188 0.13431094875919536 0
0.10935224233972352 0.38600533325251396 0.9259694945935703 0
0.9960943307129513 0.18396279000014149 0.08308763829186239 0
0.3985307219592926 0.09927338237609007 0.36303366490800903 0
0.6335094895959608 0.306216759946747 0.871746676673986 0
0.3041628942057142 0.30274323492002886 0.23222463366625123 0
0.3037892510051713 0.15082862220879856 0.34528305213700716 0
0.39642486160494317 0.6346265185091499 0.8128737665812423 0
0.3522471041661318 0.3754783090626661 0.7269785790938643 0
0.25432625827280153 0.7802346341783448 0.7595254014542473 0
0.6118533215546385 0.848326143658015 0.15702740722298347 0
0.8193184742733749 0.22484201327348197 0.10297475390963728 0
0.024704757397338795 0.8240719220040372 0.6416384078284261 0
0.8691511311566557 0.06631527455060415 0.1948430722828196 0
0.12352586022815815 0.29201838949129855 0.3627499719461924 0
0.9976406400110803 0.062301192757684976 0.6335060972179072 0
0.18346071849967005 0.34616313026513523 0.8619892956243724 0
0.1847429987221485 0.6323958894247416 0.3438005165641703 0
0.10591861689032134 0.8672042962995108 0.6184912460221698 0
0.7190997787007665 0.7108408707364566 0.9285599177492695 1
0.25359829690791336 0.39143022664870863 0.02482339322966587 0
0.6308139986090426 0.039624573735052904 0.6112457189317879 0
0.8795979936695332 0.3713697646241011 0.38226346752706597 0
0.1383491103849286 0.3023349763547223 0.045139046118208626 0
0.869731623757645 0.8332344409420732 0.17892421761344712 0
0.31237793136674596 0.8490018010383578 0.07591220146656519 0
0.273309120333477 0.06417223367163472 0.14718353835610232 0
0.9560031584960395 0.740126194209641 0.6266314462911005 1
0.9527152707831601 0.7228483089012964 0.04467162107187317 0
0.6482598525785241 0.14564310952581272 0.6101059393176888 0
0.7315362801782616 0.6984853785213161 0.9115403067897216 1
0.6021119529709786 0.3106878563777321 0.8833523719287331 0
0.7714784739014637 0.07600125084676956 0.854428378901779 0
0.8919975617486483 0.18944181094599888 0.6220930035920612 0
0.9470973684079118 0.8225683263309955 0.37029806667648413 0
0.1404866224090635 0.3564778533997609 0.7610225654024465 0
0.7992879130344729 0.9468311801221049 0.030308195689099482 0
0.8920184630683776 0.3831135249028309 0.622951539238241 0
0.8817043846991978 0.6416956170756942 0.08718381785100915 0
0.8071889314024118 0.7916109089229388 0.3784968315023006 0
0.2857688708747891 0.7557483516087098 0.7672715380875059 0
0.8871694378956402 0.8980035226812051 0.9969793240124302 1
0.9530720155480163 0.11308060017216237 0.15249320552603907 0
0.06849423067231941 0.3365387651096048 0.002434817637065878 0
0.9046746449093821 0.9202985636946407 0.3260210452357828 0
0.6807773317962925 0.07524470294248187 0.037291750406102886 0
0.10458590797416223 0.22783613049357754 0.16590450656207323 0
0.2956742650996964 0.689418317524967 0.7276721330038316 0
0.9188071117225741 0.3262848224405406 0.847929529581502 0
0.7683190095483805 0.936025110093197 0.2927673514849979 0
0.8585701264644774 0.1255608205332237 0.7156298106778237 0
0.012161952636443374 0.9717725546786661 0.1527027577344099 0
0.1026258901030016 0.2800446842188129 0.1758313766746047 0
0.14947339733192877 0.9290610815379962 0.6701409664383856 0
0.3935410236258864 0.6382800051937537 0.39292423543832333 0
0.9992293589569273 0.9722216858864684 0.9117791415761212 1
0.8500864590021078 0.05469445434667386 0.8125886399910134 0
0.8437619347630161 0.9880659008805622 0.9985557227734675 1
0.9808445698138034 0.2843263776456243 0.9754924333736572 0
0.000671758791677135 0.6129315694039581 0.6716215999825824 0
0.2645293998749716 0.6661927383746764 0.9259897870449102 0
0.6743866455374787 0.9974782250878705 0.9145255059779827 1
0.35755807730629197 0.28373095186675656 0.06597003884780428 0
0.269349963131328 0.020062115011094783 0.06734231299539384 0
0.23130464083512237 0.9054566759597067 0.3968256203919647 0
0.3469088303652005 0.2746322969617361 0.05431951483894848 0
0.6262675023009194 0.6096579487628233 0.8394624611558051 1
0.10230219854490519 0.7009107929524815 0.26637995520105673 0
0.08738115168658811 0.1375087808585237 0.2611384519683819 0
0.8468590630245478 0.10502051708950899 0.6946635236543193 0
0.6493552438696895 0.8799144139834219 0.10740461812534063 0
0.9971373421741612 0.7944414170687177 0.9419218478309799 1
0.07312422888015124 0.08246011269063913 0.961971305844707 0
0.21460852727635948 0.18836333856940568 0.8542213334768092 0
0.8734491820329519 0.6735707982854559 0.8340984230831634 1
0.8997565320846631 0.7851069913469636 0.1270821974510451 0
0.3307874559494035 0.7581556318760573 0.2099593443474458 0
0.7703043003740093 0.3065244442812781 0.005530758660531876 0
0.8084984955946601 0.8731498129588104 0.8515717718925093 1
0.9633952474904627 0.7626331002211759 0.7762573438714435 1
0.030806532353101712 0.9986194166801888 0.2725870186452414 0
0.07450154268563036 0.21265955396858782 0.9739416048122543 0
0.8983926360464444 0.08816302986442714 0.0870138843591991 0
0.355926379924838 0.7590845465630075 0.014927626008520156 0
0.9652946068668661 0.04520658017367907 0.622818072243121 0
0.6821983616089466 0.07551670092765173 0.37823766014422355 0
0.24802861790642317 0.04858234831510999 0.27082070559045623 0
0.7732411829929936 0.7642192593690076 0.08425930953298788 0
0.8616194696022068 0.9292880069560763 0.8207874906702105 1
0.9138322587472203 0.21579141457928297 0.7399931103081727 0
0.7616459427654227 0.13751269835924695 0.31955222541297545 0
0.23738035381538714 0.7319427932335298 0.19940380944407365 0
0.9360191055817338 0.7655028551284792 0.3165973835759226 0
0.2535631121857741 0.6300076573662985 0.2728585911969974 0
0.2777325301419338 0.9465753454468491 0.22106694020373951 0
0.14445466658333295 0.7323853889415729 0.25946222791180595 0
0.6112125443629228 0.055701151321669085 0.05163970345302338 0
0.823457925673765 0.8865661638642222 0.8713992948006856 1
0.7129513643045922 0.3140787039993219 0.9351854054257626 0
0.26306634499757453 0.17293301994892385 0.2498594320829699 0
0.8121428507388385 0.7019767600212343 0.8395117362487964 1
0.3277617779378098 0.7997608283569608 0.019623450264441566 0
0.6129731329889481 0.9244999780602344 0.7986937178853989 1
0.26082825002460486 0.7217800673314045 0.15601835243979667 0
0.7923014781522186 0.2287727424727639 0.2740222818491759 0
0.35786692514563856 0.7283574438653271 0.2885840832551645 0
0.9486996513702257 0.8106037820967752 0.72034209438737 1
0.8493786400319027 0.6783945474385366 0.33043582267523786 0
0.38503459083880653 0.6534504563157587 0.8292847348983574 0
0.0005356494944243062 0.9900325607371447 0.8668925086321485 0
0.8923650182513386 0.686047384701068 0.08978013151290132 0
0.286105627988418 0.22569739423706625 0.07858264602677689 0
0.07582102069036534 0.3855760429224231 0.3225402997179869 0
0.9136865794147033 0.11567759986911241 0.014846284384442132 0
0.1503782063559126 0.7542073849820188 0.012564910482821157 0
0.679355412717867 0.6260067917460778 0.06149072537808464 0
0.8195431743951651 0.9797745317562908 0.6088905932414743 1
0.17338993357156063 0.6076321349529943 0.9189641801818678 0
0.3822118017225766 0.6759323171546049 0.09496278551581427 0
0.2491571727234012 0.027994470521154113 0.6617481689565636 0
0.21343829395010394 0.600040509796748 0.851496356211152 0
0.09222429686302369 0.8894867615875512 0.3990894274878495 0
0.808913340753103 0.9057884999406487 0.015374944344098473 0
0.7725172603638424 0.012340395687855832 0.024788120139448644 0
0.7321238406898418 0.2704677220808628 0.2445059796044341 0
0.14775270038603472 0.0764452856726141 0.6762555592023697 0
0.9731074402935761 0.9178178446329279 0.617384537221373 1
0.19642171914994566 0.9892224559654702 0.8698240468855326 0
0.8698740708986167 0.24650007348936198 0.8263496032547168 0
0.6041106546283888 0.7099992344541807 0.9973060180745409 1
0.09955926497810097 0.8486343418012684 0.7825228471708976 0
0.8854828601659144 0.20075672984307413 0.0016452684204005807 0
0.13435323728297965 0.030641636054901555 0.8143496184164154 0
0.03669185621153814 0.1107438735053401 0.28891552573938417 0
0.2778303041985586 0.7377881677000897 0.8071167844760337 0
0.9914767214172506 0.14072095031723975 0.8996084585929595 0
0.34991449651035955 0.18435301398573367 0.7134267545822609 0
0.06518890243367526 0.6988612143998676 0.7702566735204972 0
0.25817696293763603 0.21375601058160965 0.17790160272669397 0
0.18209457100274895 0.2503780612862173 0.6070670872154819 0
0.9663488112815497 0.9771688676472785 0.754309910181845 1
0.23512055285938338 0.32352466898096277 0.23962562296016265 0
0.6980098440405638 0.9521885064425963 0.7070793118039108 1
0.7721928886921131 0.08471681630850114 0.2561231697869667 0
0.37844317801832816 0.07533919013460089 0.3897596449045534 0
0.3512644387750352 0.6989080833200665 0.6354198226331488 0
0.6091769918433427 0.8800202044297263 0.6326734588332884 1
0.7205084678820676 0.8259161732914722 0.8370001913628191 1
0.6189251813160491 0.29667609451838073 0.6383638283036736 0
0.07929983403576468 0.9871530620635769 0.6955907191803142 0
0.8024529170232823 0.7753185007889413 0.37682640923344746 0
0.9388958717330237 0.3536039745420161 0.24686709335462576 0
0.22120144537846875 0.8421792379013957 0.12800904408413694 0
0.6450522424698225 0.09962134295686487 0.23154229528340453 0
0.9072453164421171 0.3591663922423639 0.6806616165992084 0
0.652020600929449 0.24401431377745175 0.21196293838666647 0
0.03574924958585657 0.8159231700598698 0.7786755314880425 0
0.29978357638420383 0.9891188276142027 0.671408462703702 0
0.27320056650396785 0.08483110408988181 0.05179676854036108 0
0.16987591361897292 0.852375317469591 0.3923621079884535 0
0.3711098794497638 0.32225350161182975 0.23006806052719075 0
0.8621159560183949 0.6410681247833875 0.9701234546380573 1
0.6081857132866149 0.09182164455693476 0.7585301872652894 0
0.6134802462913599 0.052960828258082904 0.27944227927378973 0
0.6671232204316541 0.8387359368250276 0.07483396999786152 0
0.08447948889186074 0.7927012723712179 0.061335439333732755 0
0.15700451417320338 0.3122566411354224 0.6159613243185533 0
0.977685615607238 0.7004557052381258 0.013905360177651538 0
0.8598547289313433 0.7929678250570461 0.722771055966897 1
0.21437691447062623 0.8365798854136813 0.23924607012611865 0
0.7433907114244211 0.6153349097523151 0.22733605968958748 0
0.7480909280891763 0.809237347447339 0.8019950202078246 1
0.7053667832355239 0.7751162384851576 0.2991906439917208 0
0.38742162869683106 0.33599596496633644 0.925256559141979 0
0.021185474995210396 0.17776128825772797 0.82284250131315 0
0.3426037653034598 0.3500930487325673 0.2953302054563245 0
0.3463357570140094 0.8194217948240642 0.7450197354425069 0
0.641090278377591 0.10625940286618474 0.21344961842548393 0
0.09801010680010247 0.1939935373290087 0.6294887755315767 0
0.8490035311755276 0.011402946387307988 0.8598073229250518 0
0.3501601348872935 0.9808000334109785 0.6453410738025608 0
0.37337040770322505 0.7746643059958864 0.0007413753327927264 0
0.9047570674902258 0.7450409671589433 0.9613234157647665 1
0.7144376951192236 0.0662654591580264 0.7517248545823491 0
0.21742621196922918 0.8521914083250465 0.174955346332052 0
0.9619183553031009 0.7109005780967129 0.9499728446730229 1
0.19784923210491 0.6269959542294121 0.6538236415237915 0
0.2854816217699355 0.33512152358129843 0.6980064153412582 0
0.9652808698926137 0.6749124213467184 0.00020256641945748388 0
0.6034700724121406 0.0730762251622139 0.6282548252702405 0
0.09526315043731992 0.7722343201517965 0.1735591896372619 0
0.09498241549263775 0.08533285636125543 0.08504325820015168 0
0.20723803034998145 0.9228147416440601 0.8894401443641303 0
0.14078461639526685 0.982742251099561 0.20028057549996658 0
0.6535364546907912 0.7255129145903902 0.8938922723872501 1
0.3607490683383593 0.9380677448074278 0.28396727039542013 0
0.0338472014058675 0.7337957366128901 0.9698507495374529 0
0.84863328204519 0.7262704482777947 0.7962050176250436 1
0.3755592000222252 0.7778593179051905 0.6122267316412825 0
0.18846651032958284 0.6938041084627765 0.3346077709265265 0
0.14073331739797923 0.36900894275284357 0.7346636953938265 0
0.714268118968812 0.3885846291095689 0.6487187301026407 0
0.8786242470048269 0.9100760799904819 0.8739544585810056 1
0.8752083919763862 0.6991874695683578 0.6704525226125251 1
0.2873083592570609 0.29237015729025995 0.9828729287874268 0
0.7837210511113109 0.7714573844966075 0.0839902123524563 0
0.7470561897195342 0.7981285954225461 0.10643663728466368 0
0.07694875890513864 0.045742841952524316 0.8160621999730265 0
0.9276159646468966 0.234985462708853 0.04662360854935199 0
0.3752083338161877 0.13509474879801253 0.3816596615894806 0
0.9033825623987918 0.16532753897259056 0.7984675633143106 0
0.23106559202410826 0.6426748389405784 0.15702252531008964 0
0.05689719965837636 0.28265510265196625 0.6900956362032518 0
0.8270668097614645 0.8533774371418759 0.7624141823429932 1
0.6462341465221046 0.8917999689877237 0.31739496994965977 0
0.35770251154915955 0.94302535259937 0.9068063568966419 0
0.6291526772125274 0.1974549664902414 0.6059450365457181 0
0.8493586946285666 0.21477409941777237 0.9812529611204046 0
0.3748239981849668 0.14058931627723115 0.009151691431387388 0
0.2211268302116186 0.11147730172372294 0.6046421890835872 0
0.0152284394669997 0.6620543904933923 0.16252132417385334 0
0.012788430503526849 0.6866334114616414 0.9079337388976678 0
0.6764773023270829 0.3812227992264817 0.0485007729142054 0
0.6423172002291548 0.25899377489486586 0.14406200851950823 0
0.26425222215046396 0.35019902848994455 0.2599537478574009 0
0.26376420354933305 0.9609084602979401 0.28933964054604033 0
0.08686223346102107 0.7288888442915029 0.2583278653132074 0
0.6107755172497445 0.19137361600682623 0.8953500720593252 0
0.7878875774444336 0.25119379125818453 0.11916885423038126 0
0.8078244941261294 0.3705367550753137 0.2731432198312179 0
0.6481491289343645 0.1383500588573725 0.3627184314902694 0
0.2494745878420721 0.03709070823158045 0.7157047862860719 0
0.8748552430026295 0.07743981353781904 0.8261563706420324 0
0.37638315271035305 0.36071066273854324 0.9394333216330922 0
0.825969406676118 0.25597983232475763 0.9223198728323367 0
0.09375717806898654 0.889956972769758 0.7432545254798604 0
0.7599346060185976 0.9873966026205071 0.7454462667853334 1
0.0638078562569695 0.8546076049054191 0.1339965464718893 0
0.054838359877190546 0.9170169575901219 0.03695808244587517 0
0.7185918589575494 0.6246347568041247 0.00969210773211282 0
0.186025816980687 0.9492970646068436 0.8986767858399822 0
0.7634625767537873 0.2747075942467857 0.6258356085065819 0
0.358560925816398 0.7026552557785654 0.31234941201876454 0
0.16188980166023148 0.26699570726334465 0.0038876883213939673 0
0.8946919871403113 0.6160858511212856 0.08378068792745774 0
0.14131068082527254 0.917343586755757 0.7479010822161001 0
0.7770405952270742 0.7427652958163012 0.9540916945457265 1
0.8611174552621855 0.30149861685745916 0.7447164116785444 0
0.8609204956563815 0.6846651830643559 0.09602285433593094 0
0.2797564990014709 0.18999208290297764 0.9322761548811268 0
0.11017780912014108 0.1346840645816506 0.7596306957077209 0
0.3556195634349768 0.0423381623041591 0.10907996184401247 0
0.7299153946094463 0.3127620471324103 0.7444908359978174 0
0.18543884315877146 0.9349288823087659 0.8111011401365863 0
0.6928826295702405 0.6003105543028598 0.11358705338967179 0
0.18581643254185876 0.7950328150916279 0.8276543426679043 0
0.8897633075824537 0.21587280195440417 0.3243735959618561 0
0.9012854855008531 0.005326154201608646 0.08724700913592376 0
0.9083093136738299 0.20116824285206325 0.15608530390361564 0
0.8062763479388813 0.37138701844329114 0.28891114354970016 0
0.8022280643125216 0.6623927087711947 0.9977896145072033 1
0.8216395030215724 0.1493515057872894 0.15187824759865465 0
0.06389630010619207 0.3880801747183247 0.7313881509070425 0
0.2652575281107875 0.3649936799541351 0.1901848364560691 0
0.023585899188275583 0.8587518301057387 0.2822281864235029 0
0.6374736040983232 0.28349906198452957 0.6396746103451285 0
0.6789378042669054 0.3064089253081388 0.8434201792725732 0
0.22770204797159355 0.249516142664709 0.3595840179372486 0
0.009944545269753857 0.7412551078627199 0.9047377241301168 0
0.8905646928997261 0.7349954392515915 0.6609446479504929 1
0.25474666277934677 0.7200888881001967 0.1639033832239558 0
0.8268890684580386 0.027264849692701487 0.8279941997715359 0
0.7307254943960175 0.7483792341713821 0.904430593133847 1
0.942311016575007 0.23070041499631477 0.3311086329025268 0
0.7628646144246243 0.3980028314507187 0.3109073813709451 0
0.270748428757111 0.37505729843060076 0.040731541847943475 0
0.32388817038110895 0.8972290173043732 0.8674411821989132 0
0.8284584598506851 0.881870211404274 0.13761680158389378 0
0.851766701328654 0.6542626482903224 0.8866460687956825 1
0.3160503149843168 0.8290138518103128 0.7812576373415757 0
0.6652161711813082 0.39844831492027344 0.08452541055479124 0
0.33872815616881213 0.33502762888793747 0.8036639132274561 0
0.09165839306379564 0.7158260272786442 0.12910394048682328 0
0.9561581514327856 0.24003731555924834 0.7412456262627148 0
0.07171241490886726 0.3483759054707606 0.2538988075639951 0
0.8261105339778926 0.2894181852535662 0.7187977917538214 0
0.18920342532169987 0.10383843123546677 0.11207137776025211 0
0.3350840673713674 0.6713722398872308 0.17403742481607687 0
0.057108371998693896 0.8431288646841025 0.6490372488078585 0
0.9246914630914874 0.26116475235539915 0.8789775999873826 0
0.391391151274438 0.9147814552825655 0.03461677642328809 0
0.6363344502152404 0.07290284501480238 0.02012000327051755 0
0.9073217102020686 0.3708129533673652 0.8959310161281128 0
0.6860149318921065 0.9368960364889893 0.29219417741632936 0
0.10208848888583222 0.398396207774419 0.13689865492247344 0
0.9687141317371647 0.31523268921953607 0.29469022092975894 0
0.16197767754340464 0.0623338348989646 0.047824552720196145 0
0.15064926657666677 0.38815075702595736 0.7972254376986768 0
0.34652235970594725 0.05720355055285131 0.25252900526590705 0
0.019349907345216688 0.9286351896693575 0.7792025344020469 0
0.00787704178288362 0.6296630946007045 0.8634621856651125 0
0.6661067771344399 0.10758456520593107 0.991357506113711 0
0.09377024036181691 0.346966876716861 0.36320073990719914 0
