403 2 1
-1 -1 0
-1 1 0
1 -1 0
1 1 1
-0.37103860735730154 -0.911973430921713 0
-0.8135994499931479 -0.05409927860069119 0
-0.008714714870066143 -0.2915287679625038 0
-0.6919836832468227 -0.42732250300395 0
-0.41552971368459823 -0.10689733348537489 0
-0.8142851532571012 -0.16618411961656476 0
-0.9001627348590908 -0.012848598551835178 0
-0.04523065743885979 -0.11791046265061889 0
-0.08606534148150136 -0.7793168432482782 0
-0.04896749205981976 -0.42073067673476683 0
-0.9114638162414228 -0.7424704829256712 0
-0.7193036787121743 -0.9569725162131174 0
-0.043238957329998606 -0.7063887507957528 0
-0.4216755528871866 -0.3604111455329805 0
-0.582691728777805 -0.15934140016762022 0
-0.45953821885668733 -0.06554227686730885 0
-0.3476035054343898 -0.13330480311222792 0
-0.9957086198792846 -0.9893975804892304 0
-0.9603078453677916 -0.48439372358917954 0
-0.1697727677020232 -0.5782735768384892 0
-0.3559371047640829 -0.6565172829249392 0
-0.7824347777393297 -0.28849786700708446 0
-0.5611091463737442 -0.9039395854819768 0
-0.8817926211076469 -0.5326681889547527 0
-0.6292729211632535 -0.3993440071660417 0
-0.8406077563415744 -0.9798371461557525 0
-0.7526124050910096 -0.3911193857474323 0
-0.8189526463180683 -0.3087269520046958 0
-0.12597434193037416 -0.8410059795257462 0
-0.9841393674994819 -0.5686190929270596 0
-0.35773420715601967 -0.2958983864884299 0
-0.790247609880248 -0.827728818547399 0
-0.33186130721518825 -0.5424528577330561 0
-0.5060775641243012 -0.3769990065601909 0
-0.44200977971086686 -0.7157078430682393 0
-0.24869226834893654 -0.9351440538044085 0
-0.38603100353029907 -0.4507400276665452 0
-0.7089661432080232 -0.9195354484245926 0
-0.43455650340994356 -0.21246016727897932 0
-0.7484089937511433 -0.2875107354772731 0
-0.17895681880738 -0.051530766537071004 0
-0.6922386090431072 -0.23569257253997145 0
-0.07756920412292401 -0.1497918500761133 0
-0.5569247016567953 -0.6390460750683701 0
-0.9734156135050903 -0.7417428454561406 0
-0.49764300053361066 -0.1356172155441595 0
-0.19804772169258855 -0.47336804026412005 0
-0.6881934536814293 -0.3072463054314015 0
-0.25665913653743766 -0.7475394545986285 0
-0.19006749415303292 -0.6564397840690924 0
-0.18081428712773728 -0.11447897819992159 0
-0.6272881734809032 -0.02567099393592842 0
-0.48486460620814853 -0.905167042536071 0
-0.8533538171359388 -0.10975479378712338 0
-0.41432334412975236 -0.4272940001614851 0
-0.03050599140726251 -0.8476332829140601 0
-0.5184651387962013 -0.0482833076939857 0
-0.991100150905916 -0.9054612185648898 0
-0.5044474469716513 -0.5704950135352272 0
-0.43590159798935746 -0.41614820808621567 0
-0.7214138804641077 -0.17085759894643782 0
-0.5616759601286485 -0.8976248288673382 0
-0.23422623809716714 -0.7813895854776551 0
-0.6535192546079973 -0.8683810880804955 0
-0.05003623757897935 -0.13579392237708587 0
-0.2393196567686826 -0.7332575553897175 0
-0.9325518823232936 -0.29477501308911436 0
-0.03599045911215604 -0.08854514983251283 0
-0.4837697202089135 -0.5637752652113519 0
-0.6670252739094032 -0.4780624523515842 0
-0.4776427669814928 -0.8238401304524975 0
-0.64113433393447 -0.8853876190564504 0
-0.6184741146980892 -0.41148587800568237 0
-0.04698787374646729 -0.629451015923377 0
-0.008847408951412117 -0.4115123077068701 0
-0.44722640383887824 -0.589152212928447 0
-0.6410025166581983 -0.6685742571769628 0
-0.9097728525368886 -0.6819753569738597 0
-0.4562998328447738 -0.09617701817487867 0
-0.8533475761852553 -0.3077857913489259 0
-0.3138597856945958 -0.7223629533923203 0
-0.05025736281248183 -0.8629903438948041 0
-0.3148187221727001 -0.2276717531728858 0
-0.4412522319153741 -0.7990579552886065 0
-0.6013408376626969 -0.9256876053304123 0
-0.571596780474283 -0.9024750493061929 0
-0.7521910675596638 -0.3451766319253211 0
-0.9897850904495247 -0.8209378888801083 0
-0.7247018823243697 -0.27413653630684387 0
-0.2511520851828901 -0.9931341326392134 0
-0.6627446576494013 -0.8818046660107847 0
-0.959455548686289 -0.8709932866163066 0
-0.5064054937340766 -0.967570964693438 0
-0.4052456819471073 -0.39142357553563156 0
-0.5754493019234777 -0.5007086795339933 0
-0.33030983671641734 -0.9950451740720649 0
-0.5696852730638393 -0.34872162434861187 0
-0.5551710798447014 -0.24520914127218996 0
-0.5328080330551305 -0.4342979957480687 0
-0.5300342095983914 -0.09580177302985637 0
-0.3352056906890365 0.8412722193320701 0
-0.7291875368194072 0.09369326171389836 0
-0.765969559092873 0.25582115760497715 0
-0.6226604846937445 0.5441841479948966 0
-0.46365957901766974 0.7979616363429862 0
-0.7551791777248829 0.29559741774096515 0
-0.19759045766281613 0.24702734837658313 0
-0.9362046502223005 0.9561142661478356 0
-0.3848595042145372 0.36336335861715385 0
-0.42291305233222753 0.8695589184913821 0
-0.7842989698920515 0.982238663980347 0
-0.998247647693812 0.8202496147823553 0
-0.792680851777915 0.6708957517917999 0
-0.8033692060655581 0.7322092538474491 0
-0.8892526217724803 0.5566654127251597 0
-0.6235018794643843 0.36647076217306973 0
-0.466019942287203 0.9215119969069054 0
-0.724958224297798 0.6581061890823254 0
-0.8953372420407062 0.2846066259350768 0
-0.20971381220515806 0.4369858888472742 0
-0.11539195141803205 0.17177798310223613 0
-0.6494336051746831 0.19621127913176772 0
-0.9235553180512595 0.15073742334071527 0
-0.5877242315700022 0.8628765886116604 0
-0.07302220579134511 0.25002218317698 0
-0.4417416569576498 0.9126549240191506 0
-0.9443635469559768 0.19178306113010102 0
-0.29679591241997616 0.866009060185831 0
-0.9179544019099799 0.43971023478523663 0
-0.24601833902130577 0.5389246754400513 0
-0.6547446694446085 0.33267609659282316 0
-0.29129590840616315 0.49463613523870253 0
-0.001370698099926737 0.9273491830114698 0
-0.5431263104497349 0.33074507790027374 0
-0.5821094279578624 0.09866226980890569 0
-0.19579333292337087 0.9182361946398481 0
-0.08306812675004716 0.5823761113553598 0
-0.1087364195220819 0.25090979080357667 0
-0.4031683833779054 0.9565266558808296 0
-0.45518463371805407 0.18244729448277375 0
-0.08849613427889902 0.1591020213913693 0
-0.6878911720605687 0.38081317763159106 0
-0.48805946160518343 0.8447450854543054 0
-0.2678658132643251 0.15930961111729225 0
-0.7762611496614558 0.7426011300297773 0
-0.2556551284405323 0.8053146432314016 0
-0.38052854448165785 0.13743939799937188 0
-0.6488440350451481 0.6498740138760998 0
-0.5657958589977315 0.47521892319019765 0
-0.5935685119640355 0.32289994646493414 0
-0.3209453698268703 0.4244118393632855 0
-0.5854551299440198 0.6885338372890528 0
-0.5716258501512584 0.49049487353173826 0
-0.3798253157339745 0.7605099381750627 0
-0.7007419844200384 0.807590768330558 0
-0.0994754598980111 0.2521331325781131 0
-0.4526179611331512 0.5132166450964987 0
-0.3748182850681445 0.02055948256000706 0
-0.9738771706805813 0.7053758149861288 0
-0.3798944053383866 0.02426682110272904 0
-0.918985271791724 0.11553840598397058 0
-0.41739571344118487 0.5228332017631389 0
-0.04465714679972754 0.5288903828421433 0
-0.13387107627416817 0.03045585322168709 0
-0.075335217135435 0.3670851704027639 0
-0.07324742806332107 0.7241850781514757 0
-0.16979177269806567 0.5435826007897862 0
-0.30831660060081023 0.710537446664345 0
-0.8461887428495207 0.6032776148855654 0
-0.39083618569919953 0.8165092332596345 0
-0.7824871458397895 0.7112610852069755 0
-0.33247577717768484 0.7904560624016048 0
-0.6646524079379477 0.41805844866044006 0
-0.8573900847833208 0.5154233893353124 0
-0.018533099558965538 0.22221242067358105 0
-0.7627818309487874 0.248064614892342 0
-0.2912094182285794 0.7543186100249295 0
-0.7202011259552421 0.35100448064076795 0
-0.2234283047194241 0.5694098136948442 0
-0.6763051912455835 0.5011384743710655 0
-0.7926393481215361 0.19997256024096866 0
-0.9514034420569333 0.9361037869933394 0
-0.7622734843746128 0.2101539070402948 0
-0.6336774340210892 0.7823778101938077 0
-0.21328838356835622 0.1604297438676111 0
-0.8293421255467773 0.9674897394093948 0
-0.251483456766628 0.6227993882296676 0
-0.0726951874887406 0.8515137425990514 0
-0.6940075464624024 0.06283522217494641 0
-0.29394574554544184 0.4374986834902731 0
-0.2235276265613676 0.8377674434529091 0
-0.4737911059435046 0.34988899088279035 0
-0.7394656019840145 0.05997991989194762 0
-0.24480261442260853 0.3178641245955037 0
-0.5377624160248788 0.2546249112626974 0
-0.83586857459087 0.040520954767061745 0
-0.19970522749974196 0.06888611542515055 0
-0.6376203209172391 0.15716859424400564 0
-0.8514059260578257 0.7819842083015851 0
-0.1555909039329092 0.39889842896488503 0
0.5473000270719541 -0.38098611812489147 0
0.6684785300414757 -0.5013939064667057 0
0.2548996988824661 -0.04554668315372279 0
0.13636590201642418 -0.6224337655048785 0
0.5344974170884478 -0.8457047117054446 0
0.42054118793523076 -0.18655921698799116 0
0.5451968819968649 -0.3155954030018927 0
0.26126440959027597 -0.6498832401826902 0
0.10853961227986808 -0.42980747293791155 0
0.14919446928403146 -0.006824033431909293 0
0.4728729747122957 -0.4686940656249212 0
0.3231245133717544 -0.4575401783879207 0
0.19069961605386077 -0.7204304080859982 0
0.35144225533228135 -0.2534420657929155 0
0.6708607732325303 -0.9603163960708334 0
0.941524925228106 -0.8044927456480067 0
0.09125515655420169 -0.37255914167601234 0
0.26118551292695047 -0.5938563949340128 0
0.12615528066071424 -0.880084181577458 0
0.33719944255955625 -0.7874149903454193 0
0.9383632314621962 -0.22180204477151977 0
0.16059998079176319 -0.8761570685985348 0
0.430683854668245 -0.3075373630264989 0
0.8920861591230447 -0.4082918486454542 0
0.7389383274925974 -0.6886817918934385 0
0.8550359501574756 -0.9343462683697469 0
0.08974321756925485 -0.17217054061798143 0
0.8812197140448609 -0.17570624399264 0
0.2369679175235847 -0.9276706863338395 0
0.4704617949471058 -0.4573240361347686 0
0.3753412003087121 -0.24583554745351366 0
0.8874664816151455 -0.731989799279394 0
0.7866293258469762 -0.5137856603614296 0
0.4951421956763984 -0.5367553059582247 0
0.6232520641114937 -0.3508145089290211 0
0.6910893303618233 -0.14215821414273222 0
0.861536851284236 -0.6391124083170124 0
0.8981061434379952 -0.08421422887712815 0
0.913952072900683 -0.9998276944008281 0
0.2561275530592835 -0.6244674341392669 0
0.8385077028493038 -0.6193729457802164 0
0.9350401316326049 -0.27782945520425584 0
0.326246123475594 -0.35221103579909463 0
0.982929589065605 -0.3706331777358417 0
0.33568769204564364 -0.009950279361918057 0
0.596983812240387 -0.3839768311933298 0
0.8619473161901843 -0.7204152412370095 0
0.4829677186380593 -0.11742186826410328 0
0.25219319370103266 -0.4044836409730128 0
0.8870084101981912 -0.15668870249163902 0
0.7336921974558936 -0.26632420980531946 0
0.8969680802974039 -0.48352474123646105 0
0.711414084365821 -0.3607612949370802 0
0.005776843005482868 -0.8641553794524993 0
0.13042649064606993 -0.6516870070879501 0
0.6684285141855704 -0.3584088290006866 0
0.39241950108758183 -0.1748486577782642 0
0.3775485076625844 -0.3499656855978327 0
0.23849926520234788 -0.6216910421493057 0
0.038505631497861015 -0.2698034873084584 0
0.1967748414917757 -0.041418398785751154 0
0.2060814443993053 -0.4577684405078859 0
0.02528668667866496 -0.22475582898227375 0
0.2740955279722186 -0.8574165343485052 0
0.7273857310759432 -0.7073854685523152 0
0.10263023596841392 -0.722598866253742 0
0.6109213445758035 -0.2009902350225483 0
0.7216725121550432 -0.24840668815428957 0
0.16937239829309403 -0.2814547949121693 0
0.35786300336225396 -0.9052627482681496 0
0.8357295301641812 -0.34881257494324547 0
0.6948469055829495 -0.9355501604737438 0
0.7876544150144883 -0.5652932658566814 0
0.19028268143661153 -0.07231196343944823 0
0.22968730822141126 -0.6182298100040124 0
0.6964290680892156 -0.18288665383959157 0
0.573214112348395 -0.32925151555649934 0
0.10524302751208725 -0.9042812009500062 0
0.6212021727267224 -0.08124168400074905 0
0.7615678954526821 -0.9853593079317636 0
0.957573612608449 -0.8869416095718221 0
0.5699345715796215 -0.27763877042546325 0
0.20136884193672588 -0.6458099966114993 0
0.8041609941708523 -0.2760444846885073 0
0.07056246722422244 -0.8800682879818961 0
0.45643661590347884 -0.7742469412896538 0
0.34477803156740494 -0.935104124508634 0
0.7621966788654009 -0.4037396225019372 0
0.829216550243018 -0.061303020573264644 0
0.7019378100472382 -0.10664820382848605 0
0.7815922519074625 -0.9691051154099106 0
0.6585580379687369 -0.685527925264533 0
0.9005064662624374 -0.2710521547511763 0
0.30815782216376486 -0.44143459527032514 0
0.16249863451368252 -0.5888786784467174 0
0.271712191310468 -0.7874338204199838 0
0.9472263552106935 -0.764333597805658 0
0.30079580992518173 -0.3870585699469862 0
0.3871341768320178 -0.012204075698131422 0
0.8150561087175543 -0.12904279865081347 0
0.3943773605689438 0.4466225409550386 1
0.9676631601483215 0.028517320260046164 1
0.5365941753758782 0.5735355528845792 1
0.6895690605103234 0.22484483102692465 1
0.43001484799102174 0.5520668629137201 1
0.08678172042174803 0.04293610536147052 1
0.6222133696357979 0.49080022419892433 1
0.42926315078138066 0.5839298770298167 1
0.9213528901696493 0.6396689215342405 1
0.9545346088411957 0.366030205017997 1
0.8299437775996119 0.4633494005646843 1
0.052755994139916496 0.1057567288200868 1
0.09209345853726036 0.26365424850340846 1
0.6484349579781142 0.16828357237425762 1
0.5851909618625132 0.6819275575715905 1
0.12491951296328774 0.9917134900729135 1
0.9723434046268876 0.7907927548151081 1
0.3565095613329744 0.7906162526787347 1
0.520985897681107 0.24867750702320124 1
0.229157553786986 0.520573660168452 1
0.10038048767638241 0.7502376147419357 1
0.20042455304583717 0.5584695825407303 1
0.66091969755441 0.13792163659140733 1
0.8543896876849767 0.8353912223691117 1
0.28504096353269215 0.5739329583286586 1
0.033488058881590566 0.838260895661715 1
0.5463153296345353 0.8860083640205593 1
0.9213280762641369 0.09549837982131737 1
0.748341049880107 0.9516255197648281 1
0.975248465765605 0.05663042448943767 1
0.7952144069271552 0.6876016268374382 1
0.31541392788504596 0.043260332976941984 1
0.026202643066740028 0.5508634348918581 1
0.0016186683079630892 0.3556675848779536 1
0.11215949414909065 0.8269605323906314 1
0.7179448530085922 0.7643124946068183 1
0.12112816618409983 0.7881405411911402 1
0.2488576552693208 0.458277058401659 1
0.9762763755824231 0.8550429057820644 1
0.7793945748029208 0.12449323164556014 1
0.6471860368567233 0.3090185789474674 1
0.9561691005984714 0.9598407056963276 1
0.39612310001178086 0.032151798994922376 1
0.12364437247836413 0.26153542420635534 1
0.3993625196663182 0.22777460094451207 1
0.5556067300180327 0.2421618975910219 1
0.7945678004368277 0.8543403617249022 1
0.9438697516089686 0.8985867423620022 1
0.1345153997623093 0.8220749154191409 1
0.1512964995532443 0.36060805516411243 1
0.9328840541499186 0.6409781212370029 1
0.9262690845097392 0.2748675558011301 1
0.721152193311054 0.9615066297545489 1
0.9996080078680213 0.2480259396207266 1
0.9566890556958675 0.6993475634655162 1
0.7516115722651371 0.6076550990887872 1
0.6664709393405418 0.2464311930229478 1
0.698384255149096 0.07456029479611426 1
0.05474046737475091 0.5686550384698968 1
0.19066143110294964 0.8841226888593167 1
0.6344460474993355 0.6794848148368853 1
0.4373526752779341 0.18558630366828477 1
0.9375284939710165 0.7624254569416427 1
0.2702346750253968 0.9210945076645493 1
0.12539407138000436 0.8521752155629412 1
0.7375275840038144 0.9000996552288874 1
0.5129925130712384 0.7404621055723902 1
0.2769538832979884 0.8690113712413571 1
0.7109135985165359 0.5770499783834033 1
0.4700307324376396 0.8448406243669268 1
0.8320261331052549 0.49575597690676854 1
0.6883067722301562 0.4638967027037101 1
0.11109192751516406 0.8016673017706712 1
0.3447180411626195 0.5570022734841843 1
0.6256572479108555 0.06015887123213981 1
0.2787746081864807 0.6050540387636278 1
0.11420887589410578 0.5339002584743106 1
0.7463152888769079 0.852695959003215 1
0.9957994880496682 0.050828547702577276 1
0.19287484824620516 0.7498185180305841 1
0.9016388983487781 0.4264090563580938 1
0.6813003115629304 0.8486621665821535 1
0.20884617623987856 0.17827517041472984 1
0.5113511145036722 0.651276288229025 1
0.39026710475293525 0.4949731286527841 1
0.31048780726378034 0.707516895053811 1
0.36323625366364154 0.9668337556831065 1
0.35008439398408664 0.2875700191042905 1
0.6054303336902832 0.635120685290984 1
0.2611352149515993 0.16187693217922117 1
0.28461979940035265 0.30347091190104036 1
0.40556769027253836 0.06920064975033247 1
0.1502256054909985 0.711237518673344 1
0.34718761486176963 0.2548910574983885 1
0.88706020279334 0.47079774946341857 1
0.5347739227852808 0.8760417229210531 1
0.5866077388215766 0.27982374898556894 1
0.39149415942441124 0.1401293622230375 1
0.33210426837575246 0.1393355176440907 1
0.5591001085758335 0.40589313864749776 1
