1500 2 1
0.06803279642382998 0.8636017498373628 1
0.609407543134276 0.4121692219334263 0
0.4388541738022378 0.07792603880463844 1
0.5305524420957566 0.8156607476288628 1
0.6715690190683552 0.13155923796414892 1
0.4541698052638986 0.034093202060216155 1
0.06142951694509313 0.08249324197801333 1
0.25782401985941916 0.17290755225656518 1
0.6015627746358163 0.4520998807167379 0
0.04305574115045807 0.7525693272470229 1
0.14988279592859288 0.6463930643588585 1
0.5811893139538805 0.0944009851638189 1
0.9058356382600375 0.12417719779925018 1
0.013087733691620973 0.6182854651958666 1
0.0894561452965954 0.09507651488183078 1
0.1849631501897926 0.9861083079477272 1
0.3910990084547048 0.9905523905050828 1
0.6236102960287481 0.5362133699771436 0
0.9271835951071031 0.3184484653035633 1
0.4865890856386904 0.16190884814680806 1
0.03387994129190086 0.32203060059589095 1
0.9353831397108854 0.9065972870171423 1
0.28584398244822207 0.22394254898038535 1
0.40151633551530186 0.06654936423150826 1
0.8645106593610603 0.12821526599549948 1
0.8975291848830635 0.05587567798880966 1
0.05960313301034614 0.5409739074988015 1
0.1554998671672274 0.5460949863117103 1
0.4101726644103748 0.49640714629725535 0
0.9876738894760393 0.28248218582232165 1
0.5214076086687458 0.9857369002993103 1
0.3632987183833183 0.13008686819315785 1
0.8657304363287049 0.7404881928509418 1
0.9769953103439529 0.5296112811112482 1
0.33831005859822016 0.12906062463186374 1
0.15970061735541097 0.6233123099608318 1
0.17139333767911646 0.33842971701960467 1
0.9720501163326281 0.7877771735213568 1
0.5018997927459682 0.8923715496709532 1
0.04193693556913192 0.2978691522560799 1
0.34147736774293747 0.9941260909761335 1
0.36458493572750794 0.13770147729884585 1
0.04385933923502239 0.40493357577944744 1
0.8603183175490676 0.7747719392851822 1
0.10666546245666508 0.3969341244591189 1
0.14069113778815634 0.6021919763325234 1
0.8514187934730341 0.7477231920249038 1
0.982102651514202 0.8202715855269204 1
0.4967713853838345 0.826169746905838 1
0.31946614260340855 0.8599585125285039 1
0.034671740327107736 0.6471414840371449 1
0.7876357768784337 0.773713717368859 1
0.5087446815928482 0.18375342611727064 1
0.9456333651351937 0.8687671487030394 1
0.850107353717531 0.951357486155269 1
0.9332533160853671 0.810438302222525 1
0.8683242239297321 0.547074382911403 1
0.1436117435725084 0.12727178106253156 1
0.1281751953773016 0.33218656018605375 1
0.48022070291567687 0.12741694298266293 1
0.9216272393512623 0.1645340712935014 1
0.3237204130796959 0.9055790698025245 1
0.6570001976190541 0.9695065537697026 1
0.9531048452976512 0.9695273481236061 1
0.8491494539340948 0.502184264437464 1
0.3921628690164959 0.8946957778745375 1
0.2113004670076446 0.9628973162051848 1
0.06370623353847571 0.11396375919866975 1
0.20239803174734183 0.1416566703577592 1
0.7942242552674965 0.12815805947496228 1
0.7001384217399386 0.02134451342787902 1
0.1724685448259935 0.3080346075875058 1
0.8189031860740893 0.22745058190039824 1
0.2885654977564638 0.8690763472954015 1
0.060965198856219094 0.4273535420350686 1
0.550231404687952 0.3789863839886679 0
0.4710142475770963 0.13284658878173694 1
0.820653252134024 0.4612297139487459 1
0.5178530224677421 0.1723947925623719 1
0.787997120916965 0.985856550919038 1
0.8107193150102878 0.618577224321459 1
0.6717328050103656 0.9371793362160802 1
0.592987161890548 0.43278819969771576 0
0.9795563465294708 0.8643076075312852 1
0.997203460805333 0.07358192975915345 1
0.9868756929924154 0.0977035699083546 1
0.6593301180281942 0.06247215626753 1
0.6766203147065248 0.09521589400035335 1
0.7472408422949809 0.9533992486064724 1
0.08530223833442885 0.760337715261859 1
0.7002077443905033 0.15974180446195574 1
0.9458602348147075 0.482466790294361 1
0.2673537370751228 0.05766451635645975 1
0.8520443995384145 0.17091931899801505 1
0.06633024376511665 0.4127818282978202 1
0.8173352828501385 0.2941787951208993 1
0.19409331757843018 0.9826916371919598 1
0.8348354076672512 0.730135282217787 1
0.7836773996226191 0.334112862005451 1
0.019243488359493077 0.26171695332589795 1
0.9825159276639012 0.6086569424485365 1
0.0183548171063721 0.6992247410953732 1
0.5410385430213732 0.8279553131165452 1
0.2688236283535794 0.026100042307186655 1
0.5697041032879574 0.17441894213067555 1
0.6214357758234547 0.898646548208055 1
0.8469332492224417 0.19412980065698682 1
0.5332886120102941 0.37238490629348187 0
0.5458491050343034 0.05010628878547896 1
0.9821199228012567 0.06270592422661903 1
0.1326434223157511 0.5614142949457949 1
0.2771286149001101 0.9280301845133826 1
0.10763950507800157 0.3463487705378442 1
0.8317367489381752 0.5395563082088176 1
0.06249563218163989 0.7866372903661816 1
0.15293142178988473 0.6238140237376592 1
0.4909728808342455 0.11047259362720574 1
0.7365310994144599 0.9417088677618553 1
0.21525210982182164 0.9255959782731483 1
0.4119119660780538 0.9941869024876586 1
0.856061248454994 0.6012967149442147 1
0.5141184013594264 0.37426493105794834 0
0.21407657372472833 0.7982265378531502 1
0.1012512613414317 0.025593668406133974 1
0.023475243139023383 0.9081200034808357 1
0.2822963064240712 0.9943070670631534 1
0.31994586277625914 0.7833481217191559 1
0.14255601539597296 0.39949346218388015 1
0.6468732001493259 0.8094198398842973 1
0.9506233842740769 0.6073587389328907 1
0.12351605079898254 0.3324502669750278 1
0.4652206805133491 0.9348905765460918 1
0.6848390719573907 0.005117385271083297 1
0.9276151842591811 0.6456511261781012 1
0.6923208677272721 0.8499864050267838 1
0.4336239930207191 0.5279276078443671 0
0.7638119250870761 0.7485003349381918 1
0.8373707085494708 0.07560395036978584 1
0.8379909258997759 0.008201789858219843 1
0.06520890613964236 0.49851539003396095 1
0.8445563969983224 0.6592576916858478 1
0.8742591061559852 0.9878073150607359 1
0.09761152560880904 0.3793427775037569 1
0.08525973842638113 0.6925349954397694 1
0.1511186861952244 0.4646539298928869 1
0.264186563483949 0.09486757895377051 1
0.3591358308315499 0.9820655777340188 1
0.0680980581122057 0.7950933838439671 1
0.8888844595994989 0.3278398175719669 1
0.18558875342618886 0.420029590232075 1
0.27409355723713313 0.21236540328441378 1
0.10225585163779549 0.640477717062903 1
0.9996978573098171 0.2747285892357141 1
0.7157798334538396 0.8046039034826621 1
0.08540919169907624 0.7058945133537367 1
0.23413082076355252 0.8488373336751578 1
0.22429035640015194 0.11153010082903092 1
0.8828095868187911 0.9249294850563059 1
0.02461967935103837 0.9768334431935125 1
0.15484212150016297 0.6918452739502925 1
0.054754419117290065 0.7690498641149569 1
0.7788827947751084 0.01627714696314242 1
0.3337608792305107 0.19711074309964094 1
0.04210966088722057 0.2529271294661922 1
0.876161638195646 0.4433732752742645 1
0.4717476935789203 0.5434832340889957 0
0.09949001531166479 0.4377197861394784 1
0.4528872565050609 0.559569572350271 0
0.7241243823127629 0.9732480631108757 1
0.46467687112073697 0.6195799212010809 0
0.8811510339577023 0.5131032844309773 1
0.8156021271120001 0.21834777699188412 1
0.4836141137046823 0.6167785704570776 0
0.07575177346474637 0.31417747758877745 1
0.4360077369109968 0.07969498494140448 1
0.23411084830325368 0.9872530992658816 1
0.22833600704988988 0.8549474159473075 1
0.8209242052980582 0.18923360765051245 1
0.8850916929352436 0.2430398609707055 1
0.013166360010760103 0.26859841265615714 1
0.3412777025997016 0.9180472716568595 1
0.25891158525276425 0.034892350690752916 1
0.31347999147645045 0.18460397915379256 1
0.5666016929227694 0.8101871036993418 1
0.6768793512822792 0.7892735256561736 1
0.04172371997565194 0.07552919141502179 1
0.8911111784724396 0.4786160807675771 1
0.04779364931189578 0.7413452511808918 1
0.03997390351836183 0.21570441989375777 1
0.8385272942533255 0.28741270868890434 1
0.4021723171311533 0.5517145321431554 0
0.19264648913966465 0.6710721488195583 1
0.10485050233600834 0.6274526214508334 1
0.06927360309058472 0.7782742946873292 1
0.9282833653999917 0.4866052135291943 1
0.06147811082555921 0.9104453226020477 1
0.05636624968079329 0.4126183456530158 1
0.445392428194217 0.8979138092548006 1
0.43741440676701304 0.13211630921879125 1
0.19775421952333128 0.08562958184548142 1
0.737602877924859 0.01866078974346219 1
0.6915752135301119 0.9424158882533565 1
0.8911081867718852 0.8417778825987475 1
0.9322627129621059 0.575435624819046 1
0.9096837086435713 0.4284565422052573 1
0.45002170770835936 0.06069708852391886 1
0.04831622794681145 0.6318200896106104 1
0.4115581228036024 0.003507475628030998 1
0.6076748815075766 0.38954959707071357 0
0.8146245345094586 0.7867174344447019 1
0.14004559383771642 0.6645745359048251 1
0.10132356079212546 0.9331667026332655 1
0.6198150516308104 0.9317147210548365 1
0.37407173943180383 0.9049992865245367 1
0.6347730024089471 0.5443953156480043 0
0.9815523429221525 0.8263563123997026 1
0.47677898621263526 0.930819990168756 1
0.25032156909938763 0.7397709499058513 1
0.01592940535501952 0.8491196306893447 1
0.44309721593882956 0.5143055532567953 0
0.16686648848846275 0.6654603586669081 1
0.5254299837526465 0.9934577778112766 1
0.09508845638412944 0.22741574115405294 1
0.9311738592974845 0.05892260698080731 1
0.10456838162084758 0.39133245693275753 1
0.6071548322813278 0.06719383271726687 1
0.03473235971897137 0.3804725826003802 1
0.08489950633740728 0.36539412783146596 1
0.9928324505042414 0.7823598478785205 1
0.8556546832879226 0.8671575647430382 1
0.16945854923307113 0.6337805972986367 1
0.114141352410288 0.6591795194541467 1
0.9620671656942343 0.9983833046513717 1
0.8460865108221592 0.6772027297034244 1
0.9472225209038024 0.8582995009037988 1
0.5065131279216775 0.36558311139518507 0
0.015337320960257972 0.08917786412963757 1
0.501918657477041 0.5429421464668756 0
0.6925725625445976 0.9039396298096894 1
0.3159711161203115 0.9192093482639974 1
0.8998812616772544 0.052834070866143557 1
0.7106030373575309 0.04641910836084806 1
0.13806185374174906 0.7918602436675818 1
0.917044453455692 0.034321116545390606 1
0.2792208399195062 0.9581646107068366 1
0.9359637215008971 0.7304159934967781 1
0.5304711788712261 0.046171411086067815 1
0.08322030623469989 0.38022952862698955 1
0.271258897787404 0.7397857993292133 1
0.6250882100348145 0.4129590409849321 0
0.7907973898406658 0.9692178007613144 1
0.1986477772946802 0.9087120605864506 1
0.018374127174706212 0.9560713222565258 1
0.8402997449304538 0.532950540476675 1
0.282698174310398 0.11464700842829822 1
0.7818715380757549 0.8406892188142416 1
0.6686050180567964 0.1588593098444081 1
0.23845594493655964 0.20308017822843882 1
0.9882519504721252 0.3839901027927962 1
0.5071268648795896 0.9843787276789889 1
0.4955289443130614 0.9749766414627777 1
0.3840879182046365 0.5324345803589953 0
0.1836105898578797 0.20341646240266176 1
0.9320525389453179 0.23282782217686893 1
0.6331951223566183 0.07569024050121242 1
0.1474070930973962 0.9252075604229565 1
0.906606362049693 0.1554845303565846 1
0.5322865870950123 0.572705605113321 0
0.21379339474245973 0.09680865294372853 1
0.8529852364286808 0.21199258227130546 1
0.27218840481833717 0.85240874415726 1
0.591139158944496 0.17780095788109118 1
0.4978919427182428 0.6473178537658226 0
0.9210729801693478 0.8786000961804361 1
0.9121225494124676 0.8463331127637589 1
0.22594372300143784 0.9462413573438554 1
0.986988729663877 0.589559660032356 1
0.5570900471239352 0.9793276520313244 1
0.03175822605457246 0.28148255643272346 1
0.5791220734558691 0.8701202574933898 1
0.5205876050503536 0.10258198951214981 1
0.4755659667084913 0.41249560038489075 0
0.7428915769407959 0.9924945396840602 1
0.7038675129701458 0.03405717395793917 1
0.09551274885794547 0.4524934674032991 1
0.1606676492666016 0.4652612068155936 1
0.07241885011926552 0.18961492175205164 1
0.9518442354421764 0.1003028108832642 1
0.6767534897943702 0.22837280350158595 1
0.6890899250015473 0.9583942900298369 1
0.0901689066124568 0.45029624012008596 1
0.6582934032613176 0.21865088052305148 1
0.9246166303089834 0.02336670876813096 1
0.1458967346051483 0.7750985866237667 1
0.49666133058118656 0.5015342442916297 0
0.01294047810055754 0.8012027681083422 1
0.18064416025026386 0.9258387060458186 1
0.6001848470927776 0.08544645658073269 1
0.31562645874749096 0.8551861456405007 1
0.07238730575071095 0.21902658361120575 1
0.6580762005546935 0.07984995204560774 1
0.13789522508522667 0.5988930042078792 1
0.9364825497465569 0.950086285536821 1
0.42689311771030614 0.3818935422762718 0
0.1913227190621286 0.35926992859571205 1
0.8588432084732772 0.7220461405393693 1
0.923560142008613 0.37742242279361105 1
0.8858598523005285 0.41496018546453894 1
0.7668057910922674 0.718329366612549 1
0.8046984133375442 0.7081946408307879 1
0.4873443279686198 0.9623848356812751 1
0.7139307432956061 0.7422834658145535 1
0.3293060601062938 0.7934489342048001 1
0.25860016609582703 0.1783437125378987 1
0.38726680145497505 0.4149440601247496 0
0.2053544481699744 0.9519715895124526 1
0.8481559497428924 0.9395630861732827 1
0.9337511719647343 0.6961761069451393 1
0.4159957295711395 0.5136317467034657 0
0.2903227390398556 0.059113222124021814 1
0.3935917839660025 0.9766470911765963 1
0.4053351398829719 0.9585916791181721 1
0.29471369027627237 0.867815400154048 1
0.8703102007903667 0.8151153740342025 1
0.8118718980585403 0.21917533407274947 1
0.8803086893254138 0.08955411246283984 1
0.13780479985183958 0.252205211553849 1
0.14377913121546482 0.4712031435028098 1
0.843339428498805 0.8068173943039267 1
0.19994001274682116 0.9598833182257375 1
0.13524167184059255 0.5031512793478156 1
0.33372542259467475 0.7881372793759753 1
0.1778161920387874 0.28094041538488257 1
0.24316753480791642 0.10869097205636424 1
0.28373600386136844 0.04991740593944305 1
0.04706748493810986 0.35326603034883364 1
0.6220652214186344 0.8097588148758307 1
0.43169640706281254 0.9394854994661426 1
0.24423335790684386 0.054249261252892644 1
0.03612446635320232 0.2733998210002876 1
0.8089446980698746 0.7573339558756843 1
0.16308260068476887 0.9685269379913856 1
0.3929016292984583 0.8929721782449731 1
0.31506618156516797 0.018767145530584117 1
0.28585148712239006 0.06257543181945524 1
0.24024882861498464 0.7270636255796966 1
0.0919141503833747 0.016527973314810818 1
0.4771408388236926 0.5577156670038264 0
0.3164278014721096 0.1869481872451506 1
0.8213524024928152 0.5692712084744647 1
0.1477039648072388 0.6020305365671789 1
0.8902440576325653 0.4644503110192968 1
0.4719737501478377 0.45254802973372854 0
0.4327092387454643 0.5833435733291052 0
0.05372298725367575 0.9035207094574752 1
0.10688058503963993 0.934342470176413 1
0.7763548346641225 0.7699620093464397 1
0.8349515212301918 0.4339364010823894 1
0.4161887398859089 0.934483928442108 1
0.38781857606249925 0.8736585176799252 1
0.9166834535109832 0.7184734295339678 1
0.770700445812482 0.7797031223751836 1
0.9152211546402208 0.09736129455526799 1
0.551989360290661 0.866274703949325 1
0.1267496802830933 0.43776916019465095 1
0.6703995071752947 0.7843400088043688 1
0.729760704826693 0.2136118079190058 1
0.3548477633501025 0.0547741482113735 1
0.34820435367801006 0.503357472661571 0
0.514727709550451 0.9083125012353053 1
0.7809001579326003 0.8787995016647165 1
0.2381992589469536 0.8743770484660905 1
0.08651748801968595 0.4154103036077762 1
0.07556422028712673 0.9340133839606602 1
0.018048474273057336 0.9759350758398327 1
0.7177561137065401 0.2365500746147059 1
0.17289993052646313 0.11271924289050606 1
0.10876558196927377 0.56722349691095 1
0.9491647406342575 0.7277033805240546 1
0.9490418966413107 0.5907077551130637 1
0.03197098496762418 0.22349883922204195 1
0.006120878435387445 0.7823472025675597 1
0.6038488970037393 0.16435633044775255 1
0.14145464524078755 0.04565771905737892 1
0.1444374972447252 0.25595507424083863 1
0.4678182845160662 0.8376483488889379 1
0.2132585493000534 0.2889064520675749 1
0.4848435166805345 0.3752037018598682 0
0.12573700676553878 0.6160191728147109 1
0.056499850306677146 0.4027264328470922 1
0.9110315948563735 0.6341619099809708 1
0.6947232737228496 0.9602773483222474 1
0.9040761918413386 0.7427999670844065 1
0.9030644114117399 0.5909931177820298 1
0.6259218963324771 0.06529420803338892 1
0.2071343792517064 0.718700287101524 1
0.8255582958130626 0.039081800854535165 1
0.8271340351621669 0.7715853999333553 1
0.5616989975127618 0.1863088150958606 1
0.7948765685419124 0.08643312769015687 1
0.8859397946447022 0.1881007862933427 1
0.3458441201609639 0.5179351472691255 0
0.7929183780736935 0.3782291195505638 1
0.08718722279101387 0.8257043230213963 1
0.2897018057216869 0.7683958463051599 1
0.8201046895209482 0.360297351067699 1
0.11398240451667419 0.17587550478189085 1
0.9726541201415629 0.08103312923055739 1
0.8488207076220938 0.25457069509909735 1
0.1814001829855283 0.09966397240999825 1
0.21392858389019842 0.7662600595970568 1
0.36282570699224803 0.15844192490852338 1
0.9481054293638868 0.3088963766258159 1
0.7867223382264622 0.030077694346803963 1
0.2760501510723712 0.22309775154607236 1
0.9757597321240344 0.9786210497453519 1
0.16936773631116253 0.3542190390002229 1
0.9057227365525741 0.2485280592461756 1
0.600980469280876 0.4500771055290209 0
0.8036548471537391 0.2761173782250841 1
0.9461719803790201 0.7665603681756138 1
0.2530787372308507 0.8318852525917905 1
0.005379280489063221 0.06156526449439459 1
0.03377352663450972 0.5213380385511348 1
0.796945933379347 0.3309984833505569 1
0.3560728954902078 0.1271489891082882 1
0.5987459740983135 0.07300701478443394 1
0.9360899299991687 0.738941409552834 1
0.22227425913933008 0.9067113988128472 1
0.8196681443600282 0.01661438823003003 1
0.7570489439988771 0.1028387481077715 1
0.020097374869720075 0.0448477589053502 1
0.008542543443922912 0.15972610987993696 1
0.948475890545055 0.05429149222568075 1
0.9433017356541397 0.9737388019717556 1
0.22705680768736392 0.9926646847786794 1
0.5633519387618352 0.9864416699054264 1
0.03282514943822601 0.2177679306501522 1
0.8279168055869025 0.451081640061036 1
0.3616446022200589 0.8077462594242747 1
0.9192256342179743 0.8721128926723382 1
0.9211225468313528 0.1806884939872596 1
0.844405689004813 0.7592932978436394 1
0.24145088103468637 0.2520870912314135 1
0.9911149531426336 0.10368027765263521 1
0.03349841033391121 0.9488715516396266 1
0.44887513236865983 0.6134829958706891 0
0.037878434068982725 0.0984663681533181 1
0.2614197620676635 0.03104652670108521 1
0.9332554040035111 0.5271427715068531 1
0.7436243149586246 0.7847324836685943 1
0.4012765493577938 0.09345882400750616 1
0.5011537153998968 0.06659845602727943 1
0.8905966231075949 0.5881781232814899 1
0.2439977575024167 0.12620734677366496 1
0.175696867045534 0.8470123187372885 1
0.04430227198836467 0.541025519864308 1
0.04351056461123015 0.08866244339280815 1
0.7723898487173979 0.8709696082072309 1
0.1381527859902425 0.7206742363774311 1
0.6571169136474992 0.07453618598847334 1
0.10126212322367578 0.4520917956182813 1
0.24313880849356173 0.18040017504541184 1
0.458509858699751 0.13620034393782776 1
0.047812176733120326 0.08346065910282807 1
0.6788855492671927 0.8784330875583052 1
0.9360683138690852 0.7831929096192797 1
0.026899844611530166 0.9534785317114 1
0.8330762756241318 0.32414101433715237 1
0.7277226859861938 0.0803596648910112 1
0.5182674706987841 0.8408179304713843 1
0.526246884025185 0.8163559299654246 1
0.5300655686504198 0.5461289255419259 0
0.14785456140469844 0.6513975933306986 1
0.6498168093457887 0.12807786946676047 1
0.20259661312844413 0.9772976533529831 1
0.97066799140101 0.9875437584783999 1
0.07245627363842833 0.6070039318036264 1
0.7727975079066381 0.08235250657297111 1
0.6271324321047143 0.5754930484598316 0
0.047910034256268386 0.9770045167817011 1
0.9923786922608027 0.29604227385429893 1
0.5934503488036756 0.17254274466607067 1
0.6640702378184418 0.17610617281782348 1
0.8449354618330166 0.8243598487558756 1
0.12129463681335717 0.1727835143639911 1
0.36306755446155103 0.10976462543819188 1
0.4578978297128339 0.061326589227125194 1
0.7361922949105237 0.9599415169911832 1
0.822973282629287 0.9154737486564477 1
0.15048076331260773 0.3187597061902875 1
0.22530694718227084 0.8766291052305567 1
0.9270808625385499 0.5398510764319774 1
0.4921292045631851 0.5886581409237769 0
0.09490307489364114 0.9581926446823504 1
0.9658510038838811 0.6710052475141752 1
0.24344318811532972 0.7040391987221435 1
0.21304007679336656 0.9856030198817743 1
0.7516508506885513 0.7135474996461133 1
0.8354303914826896 0.5745932479671005 1
0.2521351943142841 0.974150857300971 1
0.18299396567829074 0.6482912799219167 1
0.22893442557081922 0.7109992141081053 1
0.5222178174777983 0.5987576744117251 0
0.3471864567179034 0.8139911130771288 1
0.9371422208939373 0.11278095041692637 1
0.48974638071253596 0.49873802031385506 0
0.6716635761134979 0.010744491620502616 1
0.9219809170908984 0.08911675117670148 1
0.8574389867753889 0.020123213329227063 1
0.09136497804743993 0.6662761107435318 1
0.47280989213510116 0.08635137559875838 1
0.3119936595623426 0.025848679521286222 1
0.8062444188079202 0.5880278713188932 1
0.48424444686588697 0.5692180477663916 0
0.16967459205124158 0.6853140342556057 1
0.3121755073797392 0.0868436644673618 1
0.5150138328370774 0.9550972899488386 1
0.7588973749535127 0.08608152390329438 1
0.5574261100011736 0.9119976249249695 1
0.9523173097789325 0.8434279113364522 1
0.40135080018935143 0.43250494880003953 0
0.7162973308647896 0.8008381503931653 1
0.9315255310750088 0.5208903917726978 1
0.7859920033820478 0.6714498583837449 1
0.10985739629430069 0.8768360488429721 1
0.9131677291448396 0.4403829565399098 1
0.9290929180020646 0.5784515306900705 1
0.8093892884066756 0.6228923769335066 1
0.1979304619195731 0.16851261324768985 1
0.16582523881290168 0.5257469808832492 1
0.6056847359329557 0.5075100676549948 0
0.3367629452873051 0.9526033950264806 1
0.15953462449248745 0.26283050925479423 1
0.30458874625131105 0.914688712269196 1
0.886604232155579 0.5182958121461909 1
0.44758509687379944 0.1149981947896358 1
0.19704636794741748 0.969890074874174 1
0.8194036149177646 0.9540734134800287 1
0.676723771501742 0.08361112229157786 1
0.8170276263192412 0.3977119440386767 1
0.6637141221852695 0.8438252277721042 1
0.2261121658680254 0.2653860013008821 1
0.6636237131560427 0.03912198730356131 1
0.45782644039114817 0.8239231427795807 1
0.25677128272361116 0.8307191311595912 1
0.11980211582257805 0.03484042035661128 1
0.44759377915105614 0.3854310743004531 0
0.7566579051547514 0.7441586352684088 1
0.3730549771159133 0.1710266127177471 1
0.30072404438680067 0.7717821768178906 1
0.9360766151606055 0.20816768820907894 1
0.34733088093164244 0.8899326768999938 1
0.3640755933636943 0.9001998285174937 1
0.14966060177164442 0.39964981465779237 1
0.3493163955402514 0.21507160783020896 1
0.04648527684879444 0.8172453118796148 1
0.05251082680861674 0.995435986754465 1
0.9274600033898386 0.3786162541977821 1
0.40161600564964706 0.4180332261888319 0
0.5292963541935981 0.9065457137285535 1
0.21280287659315966 0.18562145502935734 1
0.8440132141046497 0.7148069577707447 1
0.6924385794289895 0.24452680243973712 1
0.4094502622987626 0.03979356087844366 1
0.4649592326329046 0.5624809374381248 0
0.2860162070658736 0.21257226051887734 1
0.23762965576903305 0.7362322127702464 1
0.812208183579397 0.9715868234476439 1
0.8765179556624086 0.13757213722672923 1
0.5618948543326027 0.1221977753246597 1
0.8748833856049039 0.7723049178298715 1
0.1357406982496966 0.7285839187625394 1
0.17700945327228856 0.5163360016166446 1
0.03451679410568842 0.43190737191071504 1
0.8450584731803991 0.2248240044747143 1
0.33761226747466144 0.0907528632176261 1
0.6503667143456681 0.46987376878293174 0
0.8967232946994537 0.255044909265863 1
0.783825303629023 0.9965670395094424 1
0.0396885379875922 0.26184719054673866 1
0.3257691423620369 0.16316492639092295 1
0.883516732006686 0.4733750669953414 1
0.7460781199777426 0.08673526230106288 1
0.917228627290635 0.2609175235054636 1
0.5238461553009911 0.487918585195262 0
0.26055770072554996 0.7574208163660048 1
0.0013692123173862925 0.02445412471454267 1
0.02752154131223361 0.13392565723208327 1
0.5825570664920795 0.4224810596106393 0
0.14516669570533092 0.41637979737409136 1
0.05538015751112679 0.9143027820600129 1
0.5579168575663392 0.3728543309952952 0
0.8807758448834467 0.24408065080748265 1
0.9519869924400772 0.3176790616723877 1
0.7911557571347605 0.6314997954854878 1
0.8248331113620773 0.25965850068840135 1
0.8516837104822769 0.17733253456555675 1
0.9125850208890313 0.7371572697846833 1
0.9005652773486681 0.452644840177018 1
0.6401471506511601 0.10798318825387965 1
0.09654060002021203 0.15921305320156443 1
0.12456541299116086 0.1940974434198166 1
0.8256343645891718 0.016934714499479364 1
0.408044607056827 0.6247075173286478 0
0.06949609998233153 0.4933997171351795 1
0.233995325151389 0.9898884918362388 1
0.7670845596501522 0.878906936874222 1
0.7105682585092786 0.19623416176373043 1
0.3133802354091494 0.807672249221152 1
0.1673513494102662 0.4599149745397415 1
0.21340331315520011 0.7913822389739967 1
0.003790552805651437 0.7111382349896492 1
0.0478209851675685 0.7284200209673455 1
0.9579229080319276 0.18267245276153599 1
0.41248902940159615 0.8896258659823494 1
0.5130001453019222 0.0891941002843325 1
0.6122034225127011 0.1235830193568016 1
0.028742524742602304 0.35526193525230065 1
0.11216090988547411 0.47124076860794617 1
0.6486875692043157 0.45118352258792227 0
0.47359008152442394 0.4570003917070703 0
0.05748572731635182 0.8675105614499039 1
0.14351063088427063 0.796793342206602 1
0.31105457072751574 0.12001685027597941 1
0.17418844321806648 0.3909482206518894 1
0.8165725712570743 0.8210023069681665 1
0.94592722709424 0.34433273142119947 1
0.22395418524547528 0.9211202924446814 1
0.6541681095944987 0.46762293481015726 0
0.43522699394961983 0.8275995454493554 1
0.06474143022273637 0.5629618035689782 1
0.9944816563363723 0.037264170157926824 1
0.035192664260604634 0.8588723108682973 1
0.9179879393976582 0.1474482307077336 1
0.717601033036921 0.07483305034450471 1
0.5716069336948375 0.8122509357743766 1
0.15843231871363517 0.26305695960192976 1
0.3950391084427236 0.0860076028573683 1
0.5660830155417731 0.8961736799803638 1
0.46294701054288734 0.9613332526061815 1
0.7099957177928843 0.7516300401612102 1
0.7778167901060834 0.9173185245932526 1
0.04162321204641284 0.606223475955858 1
0.4612514210128219 0.040304355436959316 1
0.9837264324147612 0.04985046470230825 1
0.6355809038243898 0.1945566750019564 1
0.27816626961420166 0.8080687216992488 1
0.4626123617882759 0.5209397171401534 0
0.9248832401934849 0.13333651662301038 1
0.2143399268402868 0.008539112623914602 1
0.7287176752619379 0.07114412724595665 1
0.08997188154125657 0.477929912583986 1
0.8177508952842788 0.3788421332183042 1
0.4338799152306815 0.5320561272773544 0
0.8741106268577613 0.06307839230558498 1
0.7936962788284324 0.6400391478123669 1
0.33058252327324666 0.9026700277728047 1
0.3519577201176154 0.023570230789629054 1
0.982792590254464 0.6341884470111261 1
0.13209537362439217 0.4850521140948637 1
0.40869076473466237 0.08018944841245057 1
0.9583058775908859 0.6533655336713385 1
0.7065134133288462 0.7698114054579286 1
0.4708504314933327 0.6439794048100932 0
0.20788936290601867 0.028667864549082434 1
0.8866692165717067 0.6434945699732705 1
0.21015545358153065 0.9343888946384316 1
0.44424719670375723 0.038360022731852905 1
0.542951351097409 0.15837801958408582 1
0.5920255900082041 0.5252092462779824 0
0.8749646179545619 0.14442383388062718 1
0.8109457466258464 0.2058255355981622 1
0.9601372272006804 0.7014987618718329 1
0.7900277591962508 0.08519484440534941 1
0.7973410403499822 0.20571848290858852 1
0.3523503784639287 0.9509773147472692 1
0.9144770251578033 0.7082790094132747 1
0.6844463189756858 0.7823378557631553 1
0.6836601314068497 0.8954904554737574 1
0.17327948689075745 0.5391014009042144 1
0.8736620323476281 0.7625421081051348 1
0.5205923021565085 0.93870559467671 1
0.28344720424281855 0.2363903058968413 1
0.6470027550195356 0.13808942277742575 1
0.5185354368350346 0.6002652111840678 0
0.8649761987686873 0.9947470429488741 1
0.09383155844069846 0.6269435523332688 1
0.16386202017391216 0.5599660955089875 1
0.9335000121174057 0.152726217988152 1
0.6041647023277492 0.9907251665969424 1
0.9538106722027332 0.013562394307387815 1
0.8272687216750222 0.8136053708745371 1
0.3631003351152423 0.060562416602709446 1
0.9941108494238091 0.2666642246357013 1
0.3318566158701388 0.91052093648614 1
0.6278349748280132 0.4153672671987072 0
0.4886155229455864 0.42146223400429716 0
0.9993485979409891 0.7698980301879118 1
0.7885506002738197 0.9946203663800502 1
0.1796457122116436 0.7852114278703332 1
0.7681239948488465 0.04297871994623792 1
0.5505699426008871 0.5157338035590814 0
0.5662897739681142 0.4391971101391463 0
0.026724552365090748 0.45403315862141924 1
0.34425890793426517 0.9247859805458958 1
0.5505410132184726 0.45672251570663414 0
0.7528888165914134 0.0630923336560194 1
0.6290955213802091 0.4302925155485102 0
0.6812713204237195 0.02228730480646357 1
0.874263925227458 0.6142459641911542 1
0.7980861961260545 0.9715845558563095 1
0.43643522201579343 0.14178788818262278 1
0.8053507171142287 0.41051005590855427 1
0.9020852621736328 0.32828775690141665 1
0.07420914625380137 0.17509523055670417 1
0.9018178245512527 0.8955691691474303 1
0.7218384557982286 0.9073386630906551 1
0.8224556929792842 0.4918104912221166 1
0.968495894088708 0.419574505690019 1
0.28307142330084034 0.04970732186181581 1
0.6100865989945503 0.810609154156123 1
0.8353000401792384 0.40322423888714565 1
0.1513087818609522 0.47654082873611503 1
0.06400794300229817 0.5098332314145173 1
0.21440491798090788 0.8619861504982032 1
0.05216052120951098 0.6861548968196534 1
0.7157639332749409 0.7626288907123653 1
0.9999904980726824 0.7269422170209008 1
0.5986475780485551 0.49403130696434894 0
0.48100250758321617 0.008815309046960706 1
0.5379473242265221 0.037994394900745965 1
0.856119085186279 0.27884467111292544 1
0.9856340813240952 0.32902451435715774 1
0.4196334236686642 0.489060329239286 0
0.6640881253336649 0.9213014016333699 1
0.6499800582311295 0.021645367875428367 1
0.3630673938947382 0.11507760871119932 1
0.05721509608716935 0.6347645078192348 1
0.905557721077855 0.763047269158013 1
0.548406956374731 0.35593263314840495 0
0.9066000226925544 0.7719644636918634 1
0.09768891433047966 0.9849248333246239 1
0.5809057277823323 0.9664767320724756 1
0.037199218989337424 0.3749188067539785 1
0.7424426112417783 0.7824715370224553 1
0.8722535344442605 0.8590479781630727 1
0.40943557669124275 0.1072263708024862 1
0.7351226165687182 0.9033107470328453 1
0.23538315432093648 0.2735882545107694 1
0.2139393677496697 0.9780911635686399 1
0.8450499185145566 0.9231508301624134 1
0.23374038757600102 0.8096881105563368 1
0.7408624773917771 0.9142871713431054 1
0.8670152146141866 0.5162662520109407 1
0.8973069649539177 0.41908569880202495 1
0.02789395198782585 0.6446120781674666 1
0.024291164000012078 0.9434391452242081 1
0.17159993955352404 0.5411011723369922 1
0.8417107823268758 0.10644648936157286 1
0.31759500109951677 0.7754382321970353 1
0.28825316602418005 0.2042263458555612 1
0.27258765754612013 0.14626034856850167 1
0.6697504709832773 0.8964510252563368 1
0.5843233886502744 0.10659914015615324 1
0.7788896011870403 0.06752202428072951 1
0.5124161226515306 0.06999627072744419 1
0.8353277309401322 0.5249275739865319 1
0.8451318435170353 0.8679280369563137 1
0.4448212207475116 0.0025679945556227324 1
0.01340386997759524 0.9696855848746561 1
0.4801079668883832 0.3515768764194973 0
0.4542082992840045 0.9550301465174758 1
0.9150160397332763 0.33319723826877967 1
0.6994041822733454 0.8163503043692683 1
0.9271646517715465 0.3689107847112436 1
0.633016197934988 0.8781156747672147 1
0.5357714675402236 0.9095788955173014 1
0.8389435781408108 0.7959889995397882 1
0.652451964965564 0.08480076357679278 1
0.5830497083505759 0.4096572705685053 0
0.550125164970543 0.8629036882562724 1
0.06942597240854642 0.8455159055896428 1
0.4661599218411533 0.5737498069497947 0
0.04126805303562664 0.2518616477049923 1
0.3321212970410138 0.9870157108941437 1
0.3572158197228208 0.7911399216663273 1
0.8140617955493803 0.8168786870672944 1
0.8972843520840769 0.9985301075719519 1
0.004569042203590223 0.8549262603182322 1
0.804330442135568 0.8195477275586855 1
0.9100504767744315 0.09043946797539826 1
0.8200295975273614 0.5816638537353954 1
0.06216859881593417 0.24953411216630983 1
0.9726731558505153 0.872218263001689 1
0.059627867200556794 0.7417645658986802 1
0.6701788116491542 0.12941766837057656 1
0.7680823027667162 0.913168091011808 1
0.27826091907991657 0.004012454265720833 1
0.8014206846448677 0.381656292712501 1
0.6049698001242032 0.9240384079496169 1
0.4539794539146139 0.09473237826011138 1
0.8353438056331591 0.025215897590804004 1
0.1092354487592273 0.14927964914163683 1
0.7559521239367525 0.838470930737639 1
0.660832562751934 0.028663673142866997 1
0.08358868884702486 0.10354432825104176 1
0.5193226151555129 0.9474098949680161 1
0.016030638834620303 0.1999370691270146 1
0.4672178373306157 0.15724624270621956 1
0.9987208948943023 0.6421609360209329 1
0.024500813010129407 0.6366739193224668 1
0.964435103582077 0.4029504474338983 1
0.3936845727812295 0.42833082146920176 0
0.8851802462368882 0.7954209765750908 1
0.1778904522340442 0.0681319561880741 1
0.8047460367922424 0.04712055336262433 1
0.29509478701154457 0.03832319205593415 1
0.03685415303769979 0.6083391363113054 1
0.4168670305541081 0.8388465501111361 1
0.11725364268334815 0.4796512159833286 1
0.7626049911761893 0.2226115668619355 1
0.1919630380429973 0.7121568455195073 1
0.5538847420228479 0.9351591518890996 1
0.599161912203272 0.9539234385095421 1
0.26169319020755166 0.93486700635459 1
0.580132977977206 0.44882087421211403 0
0.749427523919791 0.19436806165289744 1
0.11966559138198252 0.3055100803276094 1
0.8270157259453635 0.7951201689066163 1
0.44486394759118775 0.8801041045972291 1
0.49782712884891944 0.3472630160224488 0
0.9092566368643459 0.11731625559212522 1
0.4418056321566538 0.08464737233861375 1
0.4209574245297837 0.5517114252907923 0
0.982362277708712 0.8837162892570105 1
0.19015119615757703 0.8999719637862043 1
0.25865919104530244 0.18533557800683387 1
0.8646985958543543 0.7725082620257308 1
0.7191426899505693 0.028932783173500787 1
0.9116802439204195 0.1621012011502838 1
0.9101044844022026 0.016356724879549978 1
0.12206562916963282 0.8145913008962378 1
0.17186350899770997 0.18236344994626164 1
0.02270073598449318 0.9917307110372845 1
0.2670604014826442 0.1318335494031302 1
0.5318168822328103 0.4004341960383272 0
0.43951451302530853 0.4168853859875016 0
0.9577299330721295 0.21560680891773842 1
0.11218938109670529 0.07784032935063057 1
0.9806386818491735 0.05666978726869831 1
0.7285818853692155 0.16949537390291136 1
0.9311967081511596 0.34543280707707713 1
0.12267389867159983 0.986827676825372 1
0.1637139331688634 0.10100524548778411 1
0.16196223808808408 0.3113811274362367 1
0.4890952967677815 0.5269754116574251 0
0.5530682269684205 0.45977795628034224 0
0.6918490098920564 0.22313034214048566 1
0.8507089764095525 0.3284128334984985 1
0.3223764927926328 0.0014125221769696328 1
0.43275227953010076 0.36467130630856104 0
0.11416649948486934 0.43508147103347683 1
0.7171397090263449 0.26033295567370995 1
0.6706664514978371 0.8598863927857452 1
0.1462811131295363 0.28545986304658244 1
0.9383376553067485 0.4702490118287007 1
0.23591271921867274 0.8212934435213746 1
0.8667634646071556 0.7662911480397493 1
0.17474769448571315 0.3247823098285755 1
0.5756160055589741 0.48499649396414657 0
0.5425743742509443 0.9315868175925418 1
0.034355736312881024 0.3264170745680336 1
0.14745070479204914 0.8250708492235205 1
0.4160800414450079 0.09077306029057908 1
0.8545793769019981 0.33920181526621473 1
0.42766842049329234 0.9336800573081598 1
0.8802176708388364 0.9246748181940025 1
0.17940053255928035 0.9045945448177781 1
0.923784588478711 0.36602858883143197 1
0.8396680489687611 0.6569001376185666 1
0.6307556618178805 0.09351429505328168 1
0.8620637180800442 0.67870667848338 1
0.23991989194869 0.27371811777986144 1
0.8607659892669106 0.20450916640722216 1
0.1289007425972154 0.6407161929219676 1
0.31216943634167105 0.9303541275943812 1
0.022156412644376067 0.12508303083115735 1
0.22782194980567216 0.1696942190056454 1
0.16750043714213692 0.8739491431103382 1
0.4075244051339977 0.4889170431049906 0
0.43291453518039646 0.3890547942641812 0
0.10959581462690027 0.9036974605857545 1
0.376855493390855 0.9418004914331871 1
0.7399271102060605 0.9666565322541688 1
0.8334808131402526 0.11473845879215894 1
0.057802538208033716 0.6656578652322898 1
0.9575048700991063 0.20965613392841365 1
0.24169577824485 0.08058314660676369 1
0.1298638625569447 0.3537519161146191 1
0.49763712741874455 0.5004356635403537 0
0.18442684495650474 0.9957095147342252 1
0.6539712522397576 0.17956136958111213 1
0.27628000702879774 0.09428941551589831 1
0.6331303956689371 0.891308711090003 1
0.02747824190369874 0.9838977658550645 1
0.8768957812605711 0.45557387732110843 1
0.9415884543023189 0.8848109647849133 1
0.11990651460234625 0.6523747380173723 1
0.0691719229698915 0.29843964628011255 1
0.7031685283406786 0.9064513213844525 1
0.1022968886548764 0.9889321967399229 1
0.05679728473723766 0.21562863905797758 1
0.09118915494725555 0.2629019774946886 1
0.3433344458081743 0.9325302049003434 1
0.541240483194931 0.6168837810953782 0
0.2896618777868575 0.7757388012474413 1
0.0265149717017632 0.16034345555246365 1
0.2158845370776339 0.0771629199819518 1
0.8293481528255153 0.23466379290412276 1
0.2391477327385334 0.18229487950383416 1
0.5523678687993172 0.4512508020469842 0
0.7620255539503418 0.865109549272043 1
0.8439151876300287 0.15442566716677542 1
0.9656895753602223 0.8141400881685699 1
0.16389351338420988 0.15399011084793557 1
0.9716843135933136 0.5591694114479611 1
0.06136763949547552 0.7001592649487859 1
0.6664041905685927 0.9424526741269214 1
0.19634043228382192 0.9537547749349532 1
0.1412324863183151 0.21174226016086517 1
0.12943683986639143 0.29060546887181193 1
0.6430877128780594 0.9220107539614293 1
0.8124712347244546 0.381575513198524 1
0.6554851589602434 0.5166626322398484 0
0.8347263750530559 0.9587992578370143 1
0.18190837646889424 0.8202335987992383 1
0.398443014050029 0.5854048714153909 0
0.07778399401290848 0.11176441776052337 1
0.09935244325449033 0.7798771516915636 1
0.0945674094455774 0.38997408822031554 1
0.7524678208026435 0.12241176675542165 1
0.7804702901374835 0.7344014509769194 1
0.9855040860186598 0.7366040827869785 1
0.33795287452168443 0.0719725548189033 1
0.1922651472745387 0.2862577616355886 1
0.11816970163882923 0.10938167467534354 1
0.416457644732264 0.571756854301683 0
0.502138050935855 0.10331054675370188 1
0.8362447182556856 0.7567151331687234 1
0.45300941529688243 0.8778026520013809 1
0.31108621504189393 0.14571675367976467 1
0.5984153878718146 0.1035231903546362 1
0.7943023046714595 0.06617865115168275 1
0.6061042153555719 0.9472525167928236 1
0.9787930159928052 0.4419047754597958 1
0.8287025738173247 0.3354998863519527 1
0.9912837084059151 0.7682256530262938 1
0.22002612386936782 0.8457212211192833 1
0.9116450678446317 0.7125165385815749 1
0.48400626217663734 0.5594552165071779 0
0.12422370706080088 0.13946200240257678 1
0.7921984951854721 0.03735361749483268 1
0.09134722724129207 0.1547789877294906 1
0.8558549183892522 0.11459521555590291 1
0.09704690723122955 0.2792956202614574 1
0.6331851471359641 0.9276369432062039 1
0.8078652052049148 0.29370598909276047 1
0.06131661190494664 0.469769062739516 1
0.9492219835044223 0.882577484598639 1
0.8115391904768289 0.440328327160568 1
0.38553838270059015 0.8023784949928696 1
0.96893013340146 0.1504887201276347 1
0.1392186916871755 0.3154421338833754 1
0.8692271117839686 0.940710960940051 1
0.7477148034296907 0.08160041981820787 1
0.454439393344125 0.07481640143023882 1
0.024187703149018747 0.3824799157044485 1
0.4311081577641639 0.17156917555389573 1
0.4294273218557392 0.6341626743065496 0
0.49945557369162996 0.04027731428250114 1
0.4305069014699662 0.9952498468198944 1
0.37175044796075496 0.474702857310508 0
0.879138274058465 0.5694262472325854 1
0.21020810000710477 0.6695410542158894 1
0.8214157756486848 0.014048240508969134 1
0.13204025218101256 0.8273867750622215 1
0.8430887026857454 0.8155106763901533 1
0.966669325013087 0.3654790373517679 1
0.40362480228807796 0.541648344236918 0
0.7719071206132794 0.016945829127759993 1
0.47053544307301953 0.5419659574295 0
0.21361184076628226 0.9941005996012711 1
0.5838975646306219 0.9656349049714258 1
0.47836397353439664 0.5724695638844668 0
0.675291212570021 0.2205637710768673 1
0.14765792241661246 0.25434128693481517 1
0.20414330067644926 0.27199518220448626 1
0.4114663689301513 0.46951008721318555 0
0.042629029364478765 0.30148806529898176 1
0.07807939598854352 0.16139541585834072 1
0.15733358350159088 0.444651870289657 1
0.026915657432356466 0.27152934824462494 1
0.9130881438055959 0.19631614426771937 1
0.11712124082281572 0.2353738539354222 1
0.7995777671767104 0.1906902260371035 1
0.7442883327637229 0.2066541988488001 1
0.4923607807419039 0.8562331392131577 1
0.5449458832452643 0.5230485919842593 0
0.8974905151749496 0.9552328643857038 1
0.8465343484047246 0.34179825836311184 1
0.6947121086490423 0.04684404592142777 1
0.05805490655689749 0.20150633817594743 1
0.6397034062884825 0.02893499703716851 1
0.6502931585788695 0.13940653487115628 1
0.6781039943309094 0.866607491689508 1
0.944326225695941 0.7649914169547182 1
0.11635880210832983 0.3912437428533917 1
0.9201409780978366 0.7524722884688232 1
0.060759531218914975 0.29790399756375674 1
0.9752399064357028 0.857904676392859 1
0.9823150853716074 0.6221907770781498 1
0.8225363232100977 0.9689883226145916 1
0.8552464042707667 0.28951559161667717 1
0.6811509017875398 0.9267541098993531 1
0.020507550770790695 0.2185004058965041 1
0.2515059200550708 0.09382168948548109 1
0.8636816973855859 0.7524511491796049 1
0.0590022137533438 0.35009247002318267 1
0.024225978272536586 0.1852424678880581 1
0.7563573818669235 0.8864066063379595 1
0.6752851805516161 0.9967309860736694 1
0.19424714308513824 0.9102576640860773 1
0.5985302722329046 0.48946792766821523 0
0.8573963574523533 0.36034101193250334 1
0.5869110710583619 0.9990330257614655 1
0.6514033670661572 0.9330470474086923 1
0.45848262466780243 0.45310329998979515 0
0.4494754484911141 0.12367739974135183 1
0.3108989790479151 0.05987977935967859 1
0.7444695689088932 0.7411364570696416 1
0.21285436062206486 0.15872343070619954 1
0.6298344153878812 0.8272339770247781 1
0.1365328337574978 0.5232403703784139 1
0.7486601772473731 0.2820319350650301 1
0.8753253604118164 0.29961219466267863 1
0.8726516766647688 0.9130318371368547 1
0.5086283026653634 0.914090311068682 1
0.04227381504360894 0.8483304617263928 1
0.8063030649841018 0.4015742946779346 1
0.8386968098050261 0.4931347209308281 1
0.5012692057244067 0.9725109280159969 1
0.9810721614744874 0.6974335502208912 1
0.16831725012941723 0.8268827225332839 1
0.044434337515415034 0.7363831016484758 1
0.3079516276834753 0.8610441674385033 1
0.254113609056269 0.9937993238246218 1
0.884296358512273 0.7289696155044101 1
0.5703012469060302 0.8300997775458322 1
0.07913866763708433 0.5682012473704187 1
0.9189279571205319 0.5571212020913916 1
0.22182664490368287 0.933122390724951 1
0.7739714887156984 0.28515228532728487 1
0.10877280194474881 0.22528891621951552 1
0.6782245480510849 0.7667268705291415 1
0.016893806540454137 0.5498334286205682 1
0.33147928437499563 0.1539581826010703 1
0.6096103857791396 0.9637627641423657 1
0.8943361999390496 0.8793897709211654 1
0.9760813817852266 0.3729277830146728 1
0.48891344191091224 0.5436539004526002 0
0.07013100816879314 0.5796963764871238 1
0.11230522353205585 0.22314147541238416 1
0.7727424633529415 0.07836617140259527 1
0.41686206171669515 0.04522177382588488 1
0.40132432309115806 0.9156297349404416 1
0.1817859603171721 0.5973017169375886 1
0.9152704482403798 0.23678031757878526 1
0.10801713637707289 0.8866721629692869 1
0.2856722063677314 0.26627737342475744 1
0.177106285428419 0.7203758652445952 1
0.8755005544387866 0.25980411262826675 1
0.22798644818367986 0.7693455897603492 1
0.9345059214494231 0.3056519699387339 1
0.41584396381892397 0.9992043329404747 1
0.11475818421053818 0.6880287106141106 1
0.183673600475867 0.7561575731264532 1
0.18922176877778585 0.36565308695464727 1
0.2674747198389146 0.7742639176178103 1
0.8252034258454796 0.9082827931390502 1
0.15427388683611643 0.1085538504003084 1
0.11274281160730037 0.4869840695262809 1
0.7528510153495556 0.9694466663953054 1
0.2476309094446073 0.9031410817323717 1
0.41439460461015 0.6086963049952736 0
0.12831804669775748 0.42638768279088846 1
0.3395800075107619 0.7788198618313497 1
0.5565155203920347 0.029525543756664385 1
0.9151753763253823 0.8527083556819474 1
0.7443125956308835 0.9862296979678038 1
0.22768862654678734 0.9210090474113408 1
0.17243958349897315 0.45936355313244115 1
0.3440345582820973 0.49323233903359887 0
0.6952840215561807 0.20873871958366896 1
0.49862721869649107 0.3804492409411456 0
0.3970376836009446 0.0407874136349724 1
0.7799551090308827 0.8931479789933682 1
0.9947084782052378 0.8761952352312764 1
0.9602390350939459 0.5804014800702731 1
0.9926190786325565 0.01610066651976838 1
0.14347558713527853 0.10743988641844504 1
0.6350381252808982 0.8622150862005117 1
0.05690681060736669 0.3807915433698895 1
0.5273134998998023 0.5059435957297748 0
0.6426094299237014 0.46406789690672146 0
0.49912291473989756 0.48669472988465357 0
0.48269048700806994 0.6056424073804609 0
0.9770570329683244 0.7149945673631433 1
0.5438956752133544 0.1437887658935002 1
0.40421220167185523 0.9457059493255539 1
0.6947861512299414 0.862497658052865 1
0.23146081266722873 0.939833682383272 1
0.4548593595754059 0.5292912749922553 0
0.07629218229824952 0.9805090528021905 1
0.9362472746781023 0.10544152276062158 1
0.8499544540002903 0.7722829508474698 1
0.9458799832861678 0.11626817235627218 1
0.11403636675114404 0.46480687405670407 1
0.4429266178370793 0.8433978538829111 1
0.5918184459761907 0.08004357795810668 1
0.6915705599348217 0.7524590640688993 1
0.9661348894509391 0.7938690992189779 1
0.7249819166901822 0.12068432758750158 1
0.36749008092403446 0.5606228395606435 0
0.4136568397711846 0.5792715878178695 0
0.812770996958061 0.3302719117642613 1
0.4126732841424202 0.025829967488403605 1
0.3224447074656164 0.18396097358279417 1
0.9580809977289999 0.6026377234674254 1
0.5416488439006522 0.8783928985835869 1
0.7788221798931466 0.9995548973783334 1
0.4878064114611428 0.9260044399433164 1
0.9174433189847746 0.8507826888152833 1
0.8998296469209065 0.2694214732511152 1
0.16533992866771152 0.3021603259751914 1
0.05705974932769897 0.10279954599923713 1
0.1589945618764177 0.320066708636795 1
0.6258670638216787 0.8944051659155062 1
0.5079707732140739 0.4338170392504169 0
0.6877526292209332 0.010878941095630812 1
0.1755220200206713 0.8986880483198639 1
0.8256503158705674 0.3056983963069978 1
0.1390397952456821 0.47200709935480434 1
0.2302374349843228 0.7082216045183797 1
0.8282616164474244 0.6651087448560896 1
0.6082122130654625 0.10747518031186598 1
0.9614604234491836 0.1394317613583157 1
0.7807603205683454 0.20052771154688587 1
0.6264278199097734 0.08252877122385194 1
0.1610137083054931 0.14811140913809273 1
0.4984928031618233 0.9778194014388363 1
0.16003023374156422 0.8036420622064795 1
0.1722652506244 0.7639090447247894 1
0.1870628393509236 0.9647197856682271 1
0.3191374637960608 0.1748409944372813 1
0.7310783465670022 0.25927707788285137 1
0.049472983695883044 0.08356058646041042 1
0.5762693112605864 0.9275167981367086 1
0.04549949949899046 0.6967692899225669 1
0.5300169143880576 0.9744608664162968 1
0.05419726189994656 0.24231813765137777 1
0.8180093132971611 0.543841079617687 1
0.524176536277824 0.511038987076339 0
0.4469909157524501 0.4260145617590222 0
0.8797437255964878 0.577386538027613 1
0.8936704190074909 0.43535856936372797 1
0.680072925070834 0.199484742126543 1
0.09559672819027842 0.28627457227383846 1
0.08378479672405803 0.7164610937404489 1
0.7875565152689641 0.7727259859728716 1
0.8398118020726933 0.880327121780981 1
0.38499263549333507 0.5987047374123184 0
0.876800084122938 0.00831036641643601 1
0.6189800039780193 0.4962216889106883 0
0.42071375248041576 0.3844449507319019 0
0.780818532318146 0.9712223105615444 1
0.09989408470244987 0.2368293035355028 1
0.7672585760090584 0.7071517265461891 1
0.720088432792066 0.005265163556108732 1
0.928263278577315 0.0766623347602684 1
0.07897124304964198 0.1908250262580471 1
0.8411276202250043 0.9955919633198318 1
0.7208373288141458 0.13659666442229979 1
0.9042765114519739 0.43719303464717907 1
0.01828270823272904 0.8971021493542493 1
0.1877627030542922 0.7710297287483319 1
0.474353900812427 0.03446596369806598 1
0.03751976201108975 0.7804497108013934 1
0.9068663515194051 0.5490453781250486 1
0.06290009857818457 0.8427973833916185 1
0.28736965045975393 0.7383316118097735 1
0.7214185056432916 0.23080015124897668 1
0.8666699971121204 0.8367700517934464 1
0.6994815170596322 0.7877490188188313 1
0.9025513165343197 0.39232147047169497 1
0.11892285776672129 0.9563571028592284 1
0.18789894119327877 0.384126617398553 1
0.6482898545934772 0.8235473481543533 1
0.12561815550786093 0.44909967771643944 1
0.9643305188102022 0.020208340584217943 1
0.7038338414603925 0.8063342953913839 1
0.08476249960012172 0.7161708428477974 1
0.6795875687116323 0.11112906084988527 1
0.1563233680525009 0.9514025995769362 1
0.8293987669419893 0.07166783397291587 1
0.5983320807240625 0.1587596955499304 1
0.432559454047426 0.8964405770903178 1
0.10508770353984609 0.0394275218852469 1
0.40367541305317 0.6212661716923487 0
0.7992619324310574 0.90123478979227 1
0.5904052945786528 0.12654121548995134 1
0.4863929852728669 0.5088848355211416 0
0.9468018358741268 0.3446741572393287 1
0.9132133080676327 0.6824695478112801 1
0.27283346095007976 0.14902901676191405 1
0.15149706657157191 0.3773973040513574 1
0.7658746841221108 0.2010633214903148 1
0.09687131347880062 0.2700174797451078 1
0.45233048908289064 0.6463117484869697 0
0.7613723338846965 0.20836607053076783 1
0.4295687294044753 0.17830809731264197 1
0.055822554503943356 0.04105576417913637 1
0.8563482455653274 0.3711045929743234 1
0.11405050161669195 0.8752319367110921 1
0.09640430279386858 0.3843828643351904 1
0.6776590882592162 0.9595501308928873 1
0.7067900770720507 0.7427222789237188 1
0.4597355829461469 0.8795892693063649 1
0.33636444173116253 0.1548202861117155 1
0.8371776399568523 0.028192613150911594 1
0.20999786801013443 0.19056939188618638 1
0.8508647291101915 0.0071817493912502695 1
0.9792357774163172 0.005654455811704429 1
0.9967147379323814 0.9482397166755483 1
0.9728396694886465 0.8845994564507745 1
0.27452242655195025 0.8658819727453947 1
0.4769086721988728 0.15891776956794257 1
0.6928554090014745 0.24823535775148886 1
0.06799332983063289 0.28661668384810657 1
0.27637139575510683 0.19175806193301992 1
0.07002893410297018 0.35545656249986357 1
0.8738370246490271 0.9247138601469332 1
0.768910491497509 0.9485217053945438 1
0.5604716827477567 0.39573908610931474 0
0.6550410289854077 0.164348915245487 1
0.5750998992844478 0.43464171083272973 0
0.5049974208866902 0.35610331139511187 0
0.9149241777121596 0.38630249563159236 1
0.6334511319504098 0.18558576851277664 1
0.6386198227953408 0.5048228024356743 0
0.38959000728453075 0.46399351251117915 0
0.0003988514006140198 0.7441755683336075 1
0.9727808767127879 0.20382243005486467 1
0.05342232176559092 0.870384117860724 1
0.7970961519947305 0.8646958931289092 1
0.09309270921721258 0.7093038719698325 1
0.9368915429363125 0.24211247038365236 1
0.33803386449119066 0.03771098404945028 1
0.9454074488880949 0.6762300195159433 1
0.028229512559301728 0.23035231519203891 1
0.6381297810357816 0.8873174283692307 1
0.8456800726617621 0.3858908001009055 1
0.8578330116082007 0.7407802652473423 1
0.8611068530308382 0.23499527168720957 1
0.45007990521349805 0.6028891342348371 0
0.13542467943615588 0.8614328196723544 1
0.04053736254054807 0.3902984670484372 1
0.09779434344888771 0.5036244169521704 1
0.5661718788515748 0.456740703267256 0
0.11499439539653933 0.5110767764016994 1
0.10157927813098222 0.19403292670268013 1
0.13037799265496075 0.4898748924734989 1
0.3069396045117978 0.8317601658156042 1
0.24195951029306606 0.8335062336834934 1
0.6725551167668069 0.9355510039809138 1
0.857080979457882 0.12126277067267954 1
0.12317200250263782 0.49291062036351363 1
0.803290535347943 0.08035117792259072 1
0.1058939569640629 0.016384562217172327 1
0.6694682859535371 0.9659468007889845 1
0.6185689413890451 0.4319991774320068 0
0.8599729850710038 0.8532912788708678 1
0.19060040805154477 0.6401082902183592 1
0.5339554462758881 0.5735813548113899 0
0.8553201327365544 0.5200870000285217 1
0.12302015858395321 0.08524302346206503 1
0.6304185061848728 0.5105784976141218 0
0.5461708384109193 0.9334385224169514 1
0.4735551634069992 0.5482185062499211 0
0.43155054802894033 0.40471421555201736 0
0.44102884194914527 0.9677682940433492 1
0.9692242836246517 0.7175871926623759 1
0.07791243546040649 0.23888667375135808 1
0.11377612957172789 0.39526053260132665 1
0.6522512855476736 0.1463630483924715 1
0.7628487237463322 0.14866825536991113 1
0.9415848077762193 0.876677135819079 1
0.13547692750672635 0.33412242544525816 1
0.8921398092980651 0.27699182281051604 1
0.9937842783834623 0.87865685224508 1
0.11977307994952702 0.7504483475202408 1
0.22635873202411638 0.11571807606743989 1
0.26629803097674665 0.9215943843874255 1
0.9872754292713377 0.5496961928256309 1
0.4842960025072244 0.39201667360696213 0
0.5115827722015968 0.9809869815424823 1
0.4449223028516538 0.9527435964948744 1
0.7915152357923492 0.8676971910597259 1
0.47886465515554233 0.8574150494746469 1
0.48864352557706847 0.4875103995752086 0
0.6760399642447181 0.03126753965048468 1
0.7665693528346491 0.11706253293292312 1
0.8027868496850075 0.61805712098579 1
0.6454419427293241 0.20706084489476972 1
0.7967250926411686 0.36043416464680966 1
0.98331811672543 0.8511184447007587 1
0.15589031244343532 0.7252074598939802 1
0.12318820453803847 0.453019618134317 1
0.5128190169028991 0.17045174005692054 1
0.4735483941415407 0.9354488721533047 1
0.12564817189074162 0.6894014552910237 1
0.8642691083676369 0.09190244544826032 1
0.20665523642912997 0.3498596370169107 1
0.11500639689004266 0.8024405799167047 1
0.16942737149159903 0.9181314987447302 1
0.10025964758335337 0.8444857176293206 1
0.9182155927731739 0.2699043482005238 1
0.9570325403292191 0.1596411056341679 1
0.8090729448134096 0.2294454291606498 1
0.8173952089068101 0.9333812966463566 1
0.7465704835289104 0.1971817998069132 1
0.876952276057461 0.43923914556081767 1
0.8940474062593603 0.35624818897153765 1
0.4341958236952017 0.907887320743307 1
0.5176923064375618 0.9776159071469729 1
0.5384423888884302 0.47880440143356273 0
0.8968485673580211 0.7429576413429808 1
0.0554830017682556 0.0631844532490774 1
0.84106770743868 0.9854343442321206 1
0.3895669289575965 0.5938450804081754 0
0.20579896046554236 0.17497850225714073 1
0.2255030183288984 0.24759999693116508 1
0.3713442641499456 0.9139482965417658 1
0.5940900459998446 0.17852194889372353 1
0.4264051023435578 0.5734799449765258 0
0.7480104288562257 0.8131413304842031 1
0.8552242213046578 0.13160430220618569 1
0.6820488837144886 0.02264741250675828 1
0.4107000908324421 0.6293163792242444 0
0.40603027828036287 0.1884378040104061 1
0.4927351866970101 0.055873500511461116 1
0.9566484625737325 0.36879354313148693 1
0.14187324317097294 0.15880140183478297 1
0.7679675035077205 0.1795636019762421 1
0.1547870264991582 0.10582814681343167 1
0.8514884312318948 0.3462620843282893 1
0.07797316499061391 0.8225419820734662 1
0.9906052177884901 0.005714281907893026 1
0.6378328783328898 0.5083197941710202 0
0.975740922884609 0.7528108338842457 1
0.0073432263496593375 0.18713236509694398 1
0.08842449662656215 0.2319675360644936 1
0.49229062973558324 0.04779296247999676 1
0.5307840452777473 0.013049038723173867 1
0.17218341203600052 0.4259536513903168 1
0.9244495120868926 0.9130226526818795 1
0.6702318019311784 0.058917806229734415 1
0.5434355508002809 0.07239557208813163 1
0.19484962692947627 0.7171471243585674 1
0.12475633607316194 0.4029879596209992 1
0.9222534690647058 0.27631355662735957 1
0.14929474881894933 0.26947969691046414 1
0.8319250917399308 0.5323715136677504 1
0.3687639024808218 0.5190373751001344 0
0.7961361346625592 0.3260733880401966 1
0.9478848557888652 0.8980750045877168 1
0.9027459741288376 0.060767729123900494 1
0.9040796974802143 0.6297034333086552 1
0.0729075160968472 0.8598241854094305 1
0.04252221626079733 0.2829681589240238 1
0.5920148139518254 0.5191304997565159 0
0.8876599403605222 0.6745537447050651 1
0.7900049514948101 0.3208628819142163 1
0.33532681097017814 0.2144682500978068 1
0.7475328020096934 0.9343897176683362 1
0.8357563362298551 0.23877501407071444 1
0.9769426002098903 0.9989306644222171 1
0.8332825275715965 0.3430464549084714 1
0.3649565013603382 0.8102673035803493 1
0.10463030139950613 0.7949427338138982 1
0.4378479042819372 0.13216480864126212 1
0.6348828063259064 0.44210502789579387 0
0.989225078807942 0.4639621577564441 1
0.47580909427363083 0.08359630475738822 1
0.27985171821495425 0.8765228330143042 1
0.2091928192097503 0.3517653732927123 1
0.8375415378893192 0.725509881947886 1
0.14919910447712204 0.379845657898498 1
0.0015024391237866697 0.04589241311970693 1
0.5916239900947041 0.9517493645991815 1
0.025794111452193236 0.0926684982063628 1
0.5055213155479652 0.9592507662241916 1
0.07485913856977955 0.8748933903892979 1
0.9409403459057992 0.28283516381334806 1
0.6974375930068567 0.8506600612351632 1
0.8314373492527698 0.37454762929145224 1
0.3868388564469518 0.39034095353441667 0
0.2099524735366598 0.8281610345454825 1
0.7844208164144626 0.7520068374493835 1
0.9736181108201009 0.7534908509978308 1
0.028612667709408734 0.08518983221268894 1
0.03604594034745012 0.13926125734089545 1
0.7141418679787879 0.8630745786978175 1
0.9867065744651857 0.5619311742338092 1
0.4700941531650793 0.45451079048842846 0
0.055918673885103076 0.8159739782598061 1
0.4394419820515638 0.5251760360702998 0
0.5663040433604107 0.17031424534942574 1
0.8462563691888302 0.4603875727174247 1
0.7233492653481056 0.12274014230584995 1
0.5070081955336336 0.951522042968308 1
0.5195550808167084 0.639438320139636 0
0.2703112360456955 0.8301553596672568 1
0.7728695122896396 0.19118576800180465 1
0.19807905771094314 0.23710745848904857 1
0.3145579160740781 0.2088543374207137 1
6.624247119424442e-05 0.027957509784047874 1
0.803100146575602 0.09594539412364178 1
0.8507336199729062 0.39498194377886786 1
0.9159189675929149 0.16064120080061328 1
0.8064849538569158 0.31616621307876425 1
0.19017877098634683 0.7719472013601355 1
0.0712492438026473 0.1308686728226084 1
0.07854475009955586 0.641688206819206 1
0.3136574055121224 0.23410745857996584 1
0.5584928240820453 0.5718451412462935 0
0.35409738563917514 0.9075497620824783 1
0.1303833078788762 0.836885232088723 1
0.48650032160830814 0.3436258060847749 0
0.9180103911776843 0.6621458093441299 1
0.824001056854741 0.9137849107977654 1
0.4787757878003873 0.39354508058946136 0
0.03458788840266558 0.585227184052219 1
0.2143735007121087 0.7534047331728452 1
0.21251641380930175 0.9351396129130533 1
0.5260022287740513 0.13906402168877519 1
0.7915365861979101 0.35373844756886064 1
0.3774965742603742 0.05036009393729324 1
0.8463372105479042 0.9474848349333067 1
0.009869223307643615 0.1668555055286982 1
0.5225148691924631 0.3682908981373719 0
0.8658469946303625 0.8266401027663096 1
0.10266342493247471 0.15195529773693928 1
0.2609975303288137 0.17900347672350403 1
0.9588073778540884 0.7360371085906279 1
0.8904680575423678 0.3696496668502467 1
0.8004119483488796 0.22723484775445024 1
0.02365145698014781 0.5591478089957513 1
0.7745468115644792 0.011964955665550447 1
0.9820886887672713 0.17890739886331408 1
0.1608306133500711 0.09918477474637843 1
0.15473767769131375 0.6157237461863778 1
0.6243077892565979 0.8904632838103945 1
0.4587147370344935 0.35981444320816536 0
0.1762210469267932 0.3376539281410583 1
0.932065324109982 0.35962185943136504 1
0.050755112415835524 0.8629785263325356 1
0.8762717329727105 0.8382148772544941 1
0.8924288960152773 0.05051262430524128 1
0.8982005278068985 0.8756020614327974 1
0.5384514651834529 0.8222104390084681 1
0.06479195461143128 0.5413701708029616 1
0.8522665714443468 0.4313030534789416 1
0.05330997455972353 0.14325165086898173 1
0.759778473456468 0.285579763935372 1
0.7119636989525538 0.06079703896886546 1
0.5109472929325287 0.13478161792725907 1
0.8609706419652772 0.07613863364683526 1
0.9133858144729393 0.80689251195341 1
0.5371053182845279 0.37161517817701195 0
0.8693043352412197 0.04976405392385452 1
0.6603667428665865 0.8703657958572059 1
0.27508484386363063 0.9542219052866486 1
0.18469283862185493 0.7419582373928207 1
0.9975837175394509 0.6027684524925495 1
0.2352305460539219 0.9624563393747801 1
0.2640716850240644 0.2414406944263151 1
0.30304083173559737 0.007377171660065129 1
0.3489695999059087 0.9574858696975981 1
0.545511718130669 0.8366034139281984 1
