150 2 1
0.7831767993976628 0.2861787432058356 1
0.30780821037933925 0.14609488546288096 1
0.27563233376486196 0.002046545012271195 1
0.05593494946781352 0.12779957924027696 1
0.699213074146227 0.7959459901796744 1
0.9157764144653757 0.5835585500265046 1
0.7690591569379968 0.8054044089335025 1
0.11965058514031435 0.14869723875030283 1
0.9144740502900025 0.31555472119610295 1
0.7407310803232292 0.2861808345879665 1
0.04890855436848174 0.8718423390307072 1
0.6484457478472351 0.8462524404948414 1
0.28256146030904095 0.9728557536456327 1
0.3292602537367113 0.9748472460697014 1
0.4425181673731129 0.5481904216361194 0
0.7249412251221967 0.7381992888445622 1
0.855837082280253 0.7374917526462812 1
0.4604047242197541 0.9256950000337237 1
0.7664858451788614 0.7869315806581013 1
0.9117659928411493 0.4556216852875521 1
0.0760999223354496 0.7327500310044823 1
0.5158462860688241 0.37345195422869315 0
0.2679719620543425 0.9346469307011359 1
0.2890898866187568 0.15170218058287788 1
0.17764577345803778 0.20241797254920868 1
0.1695528332212498 0.7229083349019139 1
0.9363106754943236 0.9576683642088425 1
0.572845701705574 0.15143083348903685 1
0.1533009771316033 0.3383104575425393 1
0.9564441324016177 0.16863245254990522 1
0.8189895763332162 0.5982091960402247 1
0.16718292833023507 0.298329857577748 1
0.406202636138016 0.530656202135818 0
0.08314691731788204 0.19855152286974886 1
0.7270968672582986 0.9616904850078817 1
0.09622282219322287 0.31814984173458916 1
0.5440451891153251 0.5368520187318804 0
0.199044510687011 0.39120275700711327 1
0.6109851330524023 0.026429138026808796 1
0.6487149749318057 0.20256979807296727 1
0.10387519338949813 0.8338343660874451 1
0.06234631589493833 0.8911402575877755 1
0.7358076375494537 0.07730847080553249 1
0.33637108790160053 0.18400963163717565 1
0.2112761118755253 0.9338752662984926 1
0.12629292770618883 0.6788892805725505 1
0.23629472031739973 0.2423650637660163 1
0.9151918822271937 0.1506440345112826 1
0.5861958437252203 0.4689280358246769 0
0.18440216153234368 0.8700099953835734 1
0.9374711345093089 0.8718223468871724 1
0.03238694913046147 0.4734053684434377 1
0.5233157177972916 0.5754776296785336 0
0.8241599931644327 0.34252654557949336 1
0.8032017014648564 0.1897695973609379 1
0.5606975650770406 0.814739594349728 1
0.07549195604265946 0.37173743183600483 1
0.9043537015591501 0.7666456114817345 1
0.8920940332201082 0.6215514569234475 1
0.9582364222242595 0.125927119258902 1
0.9086221797344493 0.1639814356287974 1
0.8288507505219043 0.6725454029092047 1
0.869034686225336 0.10113226693215427 1
0.4232732311306652 0.03852144687689385 1
0.3787039489948001 0.19477150070165383 1
0.8276367655240183 0.6626481945915332 1
0.06487221619026584 0.7376112190176514 1
0.9286197394879446 0.050619859071041384 1
0.5852681529739939 0.0054178435005568515 1
0.8080426710171428 0.20667910207638207 1
0.5934688609073534 0.5100830876927201 0
0.3250924871256935 0.006750198627838877 1
0.345628979293519 0.5266420658547947 0
0.22055043390315054 0.038014490447747185 1
0.16646990443187404 0.1491365450989186 1
0.49643161503555067 0.6122813419326992 0
0.9968667408049116 0.8374435412216814 1
0.7482726856181381 0.8032966606649306 1
0.8372636679563836 0.4735109980671043 1
0.7896498350807842 0.2458685987203708 1
0.3488124919144293 0.8044645694604515 1
0.8397157998616293 0.5806463890683352 1
0.6630471176304775 0.06554071444913012 1
0.9725254008704001 0.025032310960039106 1
0.21364374715801449 0.3018016413294381 1
0.6309443995284612 0.9169522801274484 1
0.9615790330608502 0.7177711354547651 1
0.21198634885755008 0.7207218294804322 1
0.049329067771731294 0.8519281996433431 1
0.9403565147052525 0.8561928066834665 1
0.6705608918858584 0.13978978448882962 1
0.14905943295007484 0.8790244640197612 1
0.7608544518651449 0.971800103925167 1
0.8834148916700738 0.4419700975409496 1
0.8023829976874111 0.9766253633901014 1
0.1253758035816791 0.6346032856531798 1
0.7092166800982161 0.1362860952453876 1
0.5635018892767714 0.8571226810495631 1
0.38234388568956423 0.12774344122038406 1
0.7451168175654469 0.8024357217849849 1
0.1051365530124162 0.6717802994834016 1
0.9722091290584145 0.353091050092631 1
0.047075124580963856 0.10134039574447695 1
0.9104236512385585 0.23960062272298333 1
0.2458496348175453 0.8633424869525471 1
0.830307124822755 0.3040031273864888 1
0.40484357145813876 0.6018876611431109 0
0.2855166048518871 0.09953389622029163 1
0.09270729736836536 0.5966935601202034 1
0.27760295786011546 0.14972528943141505 1
0.523590425889415 0.4531953860048268 0
0.14261691919009012 0.3929468152288056 1
0.8574226454171637 0.5826059150868924 1
0.051640821740992715 0.48667969243130194 1
0.641679216151934 0.9895544966119819 1
0.07867525875741588 0.14787744055847352 1
0.4085546329746066 0.0644812307741589 1
0.38419894181304215 0.9772438493822693 1
0.4078881948956651 0.044143045974927464 1
0.6360799423148982 0.5277844865355154 0
0.8163510134996146 0.07933292921629786 1
0.05354563069667817 0.7197583184872886 1
0.11776018013553435 0.8974882163073451 1
0.10807672678694913 0.935518711791269 1
0.5497700412919811 0.11449265732709257 1
0.17112298198699327 0.6129119724203073 1
0.821471540991589 0.7263987527561627 1
0.8542627237697161 0.002127400692963688 1
0.08574361596790714 0.9883693306223933 1
0.2716186037198194 0.7900924994001786 1
0.44447320647190025 0.09806996273358903 1
0.6652137268792714 0.09272990032231887 1
0.5898955942509048 0.9034241579158847 1
0.4780036359707509 0.6059606397263538 0
0.16430081224458015 0.4779310670427567 1
0.1496801654080837 0.795207405479762 1
0.3463148436997756 0.8212881802722475 1
0.7107328650218173 0.11985076407089668 1
0.8719406420553194 0.3732019063067078 1
0.06953594860732892 0.8366959133530267 1
0.05267433823609324 0.5560615023114532 1
0.4450947056479606 0.6475836345428506 0
0.6623792179063769 0.9951682757615574 1
0.19536590439943868 0.18969486897542354 1
0.9488447233289291 0.7918360557136542 1
0.4828210916048006 0.3992781579483745 0
0.6094723179900822 0.025681656146335885 1
0.9220390994578379 0.0624152233862989 1
0.6790192909281555 0.9003948383787883 1
0.9990135977624431 0.5784734511246917 1
