400 2 1
0.4114644058063319 0.0939793933827453 1
0.27892869391165964 0.20502928034009615 1
0.8533944332721507 0.710240181411562 1
0.0924622413576549 0.9692636290015001 1
0.9288650668850998 0.41005978725723613 1
0.03368917612165079 0.7960339621701567 1
0.44523741399999717 0.6070766011869576 0
0.5507516502478275 0.17809338096903837 1
0.27510074153567154 0.064857145185097 1
0.5989443600538441 0.4396920814944342 0
0.8375508373708709 0.4025091461197856 1
0.9711492448945508 0.30664822631567623 1
0.2626719230507485 0.7775088139100386 1
0.3707536555384041 0.03126253677862756 1
0.03491045961839967 0.06125018506673152 1
0.1546240841866383 0.6111283497773463 1
0.9454776525693344 0.6722300690483101 1
0.37716330841829393 0.5280302733814763 0
0.6969098020300644 0.8405856552137926 1
0.5386050494812676 0.12273452285060982 1
0.6480636769180027 0.02938302446363117 1
0.12723738666236062 0.8411791961491442 1
0.04175091891232319 0.697000698793229 1
0.04869582010868223 0.42924293265610736 1
0.873473478623771 0.6971530322875895 1
0.8367132646551586 0.13715305047783022 1
0.46830273130094713 0.05898763284671005 1
0.8042132048093876 0.16881897457249861 1
0.11740259960640276 0.6826712038068246 1
0.2300942875919173 0.168858452708601 1
0.8803706088960952 0.634939795110508 1
0.36283354193255735 0.8621842917275844 1
0.8264349989416949 0.07253926395548294 1
0.8899052629300638 0.5451176379613348 1
0.11605949249929459 0.06865327382957231 1
0.4764283240732917 0.4269434249255628 0
0.12862356752414328 0.5049533180376067 1
0.159675834253466 0.19023590093094733 1
0.8957782568142727 0.20466557633682936 1
0.1082422916794662 0.8225616050487751 1
0.07066187196829665 0.7496039326349617 1
0.6299879392353432 0.9611372771315428 1
0.3093400901905531 0.021232340071239864 1
0.23422008728426102 0.7159571582873547 1
0.9212793160235533 0.45063464011900556 1
0.9953859139773739 0.20204779768786973 1
0.5622059925452885 0.10698734931194098 1
0.37633786495517574 0.49272519715548146 0
0.6568936894072106 0.9731928016314783 1
0.24726835523574076 0.6980950479528976 1
0.9258109828060793 0.5813420859745992 1
0.36856433879774864 0.9352782975398621 1
0.6081829563863438 0.09897458080587129 1
0.01708412766196754 0.5957503934879673 1
0.0007831834168287033 0.48456395601484026 1
0.13727603294663016 0.7175299622204558 1
0.2822091943360733 0.9398475334675466 1
0.09272734021460405 0.03910546194719777 1
0.37272505252385113 0.10385582886400391 1
0.9017500233012368 0.13470905046195858 1
0.9351461417567256 0.8357863016918294 1
0.9695425156036731 0.05680872338874687 1
0.23261734073583817 0.8418430052704254 1
0.3818814885492061 0.4786673936481022 0
0.9665159168154125 0.23488098640075283 1
0.5330731866314249 0.37771011468733273 0
0.05519371032035203 0.8566900109056527 1
0.5989519165396223 0.5141057154474723 0
0.18423074866644074 0.08505714344661552 1
0.5955218754601281 0.5434598314611608 0
0.6370792351375525 0.8920382309428116 1
0.13695677278263563 0.23620262654218593 1
0.24543339619984317 0.7137088279750564 1
0.20383681839966472 0.15889248374148313 1
0.3246390935222381 0.8668365727346814 1
0.6169983983416253 0.001915514935455942 1
0.8664527924370862 0.3813753773975138 1
0.060515651305440454 0.6004761770521366 1
0.19606117688574942 0.15703937010559033 1
0.7333968737924497 0.14554649263913577 1
0.903459585561151 0.8521279068840997 1
0.7292419176126852 0.7563606413689753 1
0.18227115070083055 0.18731897404116205 1
0.20582979045233163 0.01957189297811124 1
0.12836533678580342 0.6541928256097419 1
0.848081243920279 0.5317064984708775 1
0.06229580640681753 0.8530330752887745 1
0.12840552414299577 0.4564371830388717 1
0.2865111052965271 0.8440365664463483 1
0.5703384893698453 0.8410981618427352 1
0.3439098370838496 0.5227049799472637 0
0.09494985081618557 0.9665810980886165 1
0.7155268694394576 0.052569534108497074 1
0.036317402770223106 0.2132025512961112 1
0.10550503812413181 0.9853719430454856 1
0.2207451221132165 0.6624839677419649 1
0.1491519113810449 0.3118117079479745 1
0.21209326160861275 0.6456384096457208 1
0.30937498242338635 0.2126794693917633 1
0.017807738454929112 0.5863695622291658 1
0.38321644870792804 0.06525143921915033 1
0.39195809974790286 0.4145822464380584 0
0.8112473392511432 0.8462762106621093 1
0.5874700520946364 0.17437775166398517 1
0.12363658759636675 0.5174737347005858 1
0.5169618981400453 0.5021798861062587 0
0.726347829958836 0.7743415650552972 1
0.37599673622386576 0.5402754958506778 0
0.8269231447119285 0.6424245407379123 1
0.30781603738587293 0.12540432250580646 1
0.17562195006738957 0.36545738963580665 1
0.09785606086288579 0.3768343791952419 1
0.8853807822925356 0.6032938908395593 1
0.5825487947187511 0.84370055544874 1
0.7836483933089504 0.6888999739387213 1
0.26734550918837674 0.027034929413929376 1
0.511540437906479 0.49190880583670316 0
0.1310893703572914 0.9304548224564396 1
0.3830466138339713 0.40112701791632543 0
0.4693858670643466 0.9819507229665368 1
0.5352012557587144 0.4309245382895036 0
0.5221804485557076 0.5514555200433356 0
0.6341124577775366 0.8697686994319431 1
0.8720696406353499 0.38543623792140014 1
0.6542493487847988 0.8150729216268022 1
0.04395486807696758 0.7721578021109029 1
0.8894831740973594 0.0864699886856416 1
0.6519399596337162 0.11818120355933626 1
0.19601952228166597 0.800829901354671 1
0.1999465097851454 0.7174549790876376 1
0.9711713282009442 0.739655782497039 1
0.4389517193631267 0.06521191486434563 1
0.481209011663999 0.9408302191936962 1
0.9483321728599079 0.09447528306107023 1
0.9181690803909167 0.7374073857905422 1
0.6408976175800715 0.5183803412871264 0
0.095195631807787 0.5947011842673341 1
0.8034353416794329 0.7724400503974655 1
0.7909500205582898 0.6749010330542748 1
0.3895051954820552 0.559628985523491 0
0.7163393270342221 0.7456434488292524 1
0.5661830094025372 0.17336827407984057 1
0.9050718743594971 0.3921748014460711 1
0.8493668580434839 0.5297413861672854 1
0.8535554065079308 0.2926884240172021 1
0.0007394145390109408 0.1807849388196423 1
0.8875058864173282 0.6193635720716957 1
0.0076901554832352614 0.8531180366627809 1
0.25930985344494295 0.8697049837001876 1
0.20490041479886545 0.9986468255802006 1
0.41579362745784765 0.07667385183495623 1
0.5452859882294865 0.05412765406829734 1
0.9484523353910972 0.786518597100708 1
0.4068154276028627 0.9690768426567523 1
0.1723612199929454 0.27461452974146217 1
0.8678781094266912 0.9170489218929594 1
0.9971816861707052 0.02084006474528044 1
0.9324780391846917 0.47124913400720436 1
0.08572575294184503 0.5379754644347795 1
0.421260479374335 0.9035158742306452 1
0.6194302206136691 0.9495675092995517 1
0.19601191082295044 0.2599510321089833 1
0.8348553069493375 0.5060067227588265 1
0.4580947597839651 0.08638993448000043 1
0.40454806546918254 0.8944665844025752 1
0.3029389147726498 0.16051903193197192 1
0.8190835077402666 0.5096871618831091 1
0.7574240545158619 0.24825825618000585 1
0.4928266023709361 0.8262410981199774 1
0.2521897370844085 0.9302042085207207 1
0.39307799895184814 0.38809416168569333 0
0.8159593397863398 0.4793611091570823 1
0.38891608489307783 0.9831158226552221 1
0.7676337347430321 0.7422546625604957 1
0.08143494021016473 0.7340892365759826 1
0.5327497063885369 0.4561727748696558 0
0.14768047799305417 0.9822453540963272 1
0.2427956646223406 0.9725523444664338 1
0.08946709741140746 0.19148182616266862 1
0.72608989351762 0.15962355291137065 1
0.890265032575982 0.5279692764639679 1
0.012337766812169804 0.047624246007928805 1
0.988069313589945 0.773564115355007 1
0.5789674250910146 0.609709926436785 0
0.19535153734172117 0.7997272272949264 1
0.8160327254590106 0.04013202138368055 1
0.9815523479259439 0.48006682697152325 1
0.11857692192934666 0.31615253603496896 1
0.5946688369022735 0.03737355381918439 1
0.5661790128319482 0.8723504590293855 1
0.6989648867889617 0.9893401399012468 1
0.5630520542624046 0.16912022804588245 1
0.29061662183240133 0.21126683280386027 1
0.5671468995205282 0.4916556150713046 0
0.3725583447139995 0.1974234649822303 1
0.6143380821775896 0.4688538952422956 0
0.7777538352778275 0.20829420527912057 1
0.23710984670056368 0.857281491573512 1
0.9803008251724717 0.9331524665632519 1
0.7378215638758516 0.876008267840024 1
0.11425198823089777 0.6892267610798325 1
0.5367432426889757 0.476580023900546 0
0.9573237432377768 0.5220147475993471 1
0.2982164497571099 0.9473145922646485 1
0.11130115989208134 0.0353274426680682 1
0.06529024606488587 0.4378063239760649 1
0.16931366317702579 0.7826098628747991 1
0.9454178207154937 0.32945983638404364 1
0.9229315241141025 0.4989592489220941 1
0.04331454302256965 0.5885883976928473 1
0.38659188310980497 0.0010266419630317047 1
0.23156027862261375 0.854889610124395 1
0.7029331958515979 0.7974301805772189 1
0.15754556641412998 0.5479894082597586 1
0.00935642921195523 0.7023922753010747 1
0.7001762562679932 0.04822915586884091 1
0.8573073076721647 0.08388000086939851 1
0.9770954543563524 0.09914633309636722 1
0.5393095105349686 0.9185530657234606 1
0.642566904125776 0.8545784201777011 1
0.9195524598268493 0.974685285693708 1
0.7833368007434683 0.24852159654333972 1
0.5052409707336751 0.36358533539282845 0
0.8150506113600935 0.7501977395117263 1
0.9703736331810647 0.6782554447805788 1
0.20779203278937852 0.8403790717009768 1
0.5046281319877833 0.36654076044148776 0
0.6503924874525273 0.021597717200056876 1
0.8700111376462563 0.8250274053694319 1
0.9518720995332155 0.25284434716132986 1
0.3574810197655842 0.9653073009677153 1
0.9938118769868793 0.23780491023692985 1
0.9660682236440554 0.7368193966764554 1
0.8608525769028458 0.018336496534910873 1
0.36751643521137356 0.8642045835644413 1
0.9818336915564309 0.853889890628615 1
0.04415370649809092 0.4602925280751925 1
0.6039454233051467 0.017971647188469886 1
0.054296524643077215 0.944231035353963 1
0.6091302738031595 0.9184822927647593 1
0.08978356964567391 0.39960932164489915 1
0.9306142317443086 0.8693926797352686 1
0.31015697261374064 0.9683823461074099 1
0.3836711240454408 0.8239649716517681 1
0.1379527752155234 0.0252737846240213 1
0.7004895522319422 0.9440627143957094 1
0.24461671425386644 0.8917199315722215 1
0.3684183150472662 0.9947772729287534 1
0.5307094275956771 0.1506393949099244 1
0.0687612205459116 0.7969053830179782 1
0.7670750960040389 0.8996333248496239 1
0.798368742087944 0.9511151265826242 1
0.9029482891892693 0.8230309624130565 1
0.7707772461873887 0.00686084975799961 1
0.18920831494320467 0.9155012600999859 1
0.9463018372866324 0.9858489925044055 1
0.12290547341111568 0.9141986339766586 1
0.5263604766052952 0.0839073592985089 1
0.5668909946138572 0.0009415403953694224 1
0.049415712911549114 0.8143850035394046 1
0.2132434781199215 0.8878756708618046 1
0.4833253777401024 0.05367441657117744 1
0.4012435035267773 0.5565442915545777 0
0.25051171448188825 0.9834293742481388 1
0.9229423573782123 0.08841549406559457 1
0.0038686020521209175 0.7968614240580149 1
0.911803891015463 0.21085819775859205 1
0.03396500156837712 0.6146508473141644 1
0.8184553390886612 0.45389452849146916 1
0.38647472799832827 0.012955334090835269 1
0.487264718786822 0.3587560609892628 0
0.27213226270096635 0.2256690620575399 1
0.39072694071947245 0.892603130030046 1
0.3033001714573361 0.012486421733338804 1
0.8884890994766498 0.4539757221686881 1
0.8555139907530926 0.5460126173138544 1
0.9594505130023676 0.049669977816438005 1
0.6935272579165236 0.8851522711988117 1
0.2006519222906823 0.13635685764832373 1
0.1929412422877591 0.19994158353904756 1
0.064755922391039 0.9843751038157268 1
0.06328603743903649 0.4570223584604841 1
0.021289734700438823 0.9124387483003278 1
0.5300234760694958 0.18083058923008244 1
0.40377216199116683 0.9478936256050664 1
0.8798647945304101 0.28532742061286565 1
0.9619919630144782 0.23787320274549417 1
0.8718351705411154 0.9726721162966557 1
0.04975019865931207 0.7169230626381925 1
0.3498351615306815 0.9893227567428876 1
0.9407928328961919 0.20953217048637307 1
0.7677498667220435 0.12184557385535855 1
0.7630984385299592 0.24020454400453384 1
0.8764657103476466 0.6878038838957121 1
0.6221940007585353 0.9454464539977447 1
0.4702193706707637 0.8883732740815349 1
0.3966969622018003 0.5435502801187762 0
0.8166573251451902 0.3922734600201868 1
0.15356090196178518 0.30824442846833133 1
0.8630484645274985 0.42723513869169394 1
0.049403896666850855 0.6202194273190436 1
0.26438584820003275 0.7838526186822046 1
0.024100953716799767 0.6270951959352802 1
0.3643787197156825 0.45307552616364755 0
0.09895662113384063 0.5418600760017761 1
0.39028475905653814 0.5070626533272261 0
0.21014188275484202 0.33694866622206854 1
0.22468451672284662 0.9866954280149571 1
0.4639614005905318 0.3604188912941272 0
0.04853242949333547 0.13922968243605127 1
0.5501239879643534 0.4446272131712159 0
0.7958086021164883 0.6748881810119856 1
0.5498719560643356 0.6363613063124174 0
0.997229964110369 0.5822280810933589 1
0.2662417983612 0.919822187509666 1
0.9332452908765353 0.4556384670197763 1
0.42560197121330356 0.5529068310130679 0
0.14650473742367376 0.833793309055166 1
0.13719557122382564 0.3906516007508719 1
0.6677946700818067 0.9155403416604969 1
0.5202618213627602 0.35969709990129994 0
0.8228000025404991 0.6315657691953092 1
0.4063341954918681 0.9641144051314285 1
0.5524120418736261 0.8368683827745707 1
0.05647539065077922 0.8740524607926382 1
0.051407986147512075 0.5344567165062223 1
0.18284601751978535 0.9354838548941723 1
0.9383975390631635 0.11246798972198324 1
0.7200698117866534 0.9366785524422312 1
0.23032179751066517 0.7973384503777738 1
0.0012414027939912087 0.2836958570703707 1
0.4432767728941668 0.3802350588232446 0
0.07363202073535946 0.6494751060090855 1
0.9451555965753584 0.879554235044272 1
0.2482887365835399 0.8684208772467061 1
0.07145073858863826 0.04456304092668606 1
0.17180162449122394 0.10855576920430765 1
0.021800260594560084 0.7603319306381139 1
0.7226277864224491 0.8566139959743996 1
0.16481777833977707 0.07526101385956774 1
0.4191717294701024 0.999768824721134 1
0.9618819236845887 0.1134786088507439 1
0.26359556194249534 0.0030097759244496203 1
0.541690995524082 0.4267061115438686 0
0.05363187222049226 0.5949551748785414 1
0.9338076787848958 0.5501930288989992 1
0.6479540597800045 0.19230996242429887 1
0.10488003806636848 0.8525783367376943 1
0.9310975960681237 0.836598603615765 1
0.8635198042077864 0.08730609659132615 1
0.9583738859186541 0.47271812440739536 1
0.5359925055334791 0.1325183289496935 1
0.15398897201005646 0.1126394900987071 1
0.018518577774660594 0.600571497543799 1
0.19749470696303273 0.6240939332622062 1
0.8191298374993801 0.5665274364937977 1
0.3867613334817901 0.03635912661870577 1
0.7728734442155956 0.8207625867129252 1
0.7675966607996741 0.7100178810604225 1
0.2195419295895389 0.10315742949761153 1
0.6280869484407403 0.03702437526781488 1
0.4148002017014448 0.9582680795453075 1
0.9488594718316378 0.5028890897020831 1
0.010970738772215105 0.40880737796735367 1
0.7822952840556919 0.6921037714595836 1
0.5370972251876907 0.09768251586679422 1
0.961341980188452 0.3501592454018334 1
0.47212506632504225 0.9717464419780498 1
0.5906840694969188 0.1340262217665943 1
0.1263940465796718 0.6118856145685663 1
0.09535262570652447 0.1305444402669177 1
0.22102994716303592 0.8929142731705199 1
0.9293366157107025 0.7963462230629633 1
0.38419825375076977 0.5938549556441288 0
0.21071006236319156 0.6656774875050648 1
0.9234301382526956 0.39359658512596374 1
0.6334045800014302 0.9381329397605758 1
0.9048447974880629 0.6065528285992657 1
0.0061262549434901725 0.9226442562306901 1
0.7191343965529597 0.15929549358196315 1
0.6953093054931249 0.8717483250618128 1
0.8504084442711439 0.06858557377214414 1
0.4664943164566895 0.5688639408313894 0
0.9695819673305869 0.6535296256412788 1
0.8225488458487192 0.9305519609231079 1
0.9955070746188006 0.5711779872660937 1
0.16013551529928982 0.5594086606231837 1
0.3766361282238926 0.7966572571028454 1
0.14198899626494077 0.8244577832764193 1
0.9978536038705311 0.514998755493118 1
0.31937929667303355 0.9378876329848961 1
0.6580129775804443 0.02348546501570392 1
0.5650616611319852 0.8385829487877706 1
0.5826455089131246 0.4061141954484816 0
0.7652398572124814 0.9296699941997404 1
0.4997417552320549 0.11709653571587664 1
0.38506368546359393 0.5494971562860793 0
0.6647610111148624 0.1481259307528362 1
0.27537710004984106 0.27610444813212054 1
0.15609854970302472 0.3345763312097836 1
