150 2 1
0.1549974141032413 0.9106386299489811 1
0.8653984573190339 0.4970248986831316 0
0.34338716191953045 0.7502898057426083 1
0.03519338438032926 0.24997891690569585 1
0.20728466791358569 0.6717472806653294 1
0.6731838282735408 0.7170321901193729 1
0.9209299164773828 0.8998567180350456 1
0.13062901343439848 0.530521964685575 1
0.8623186237048844 0.27981503128294505 0
0.6702631222854183 0.11451912494757521 0
0.6658543885251886 0.1877113106313575 0
0.7588844963993973 0.35640055710774343 0
0.012335379072001329 0.5273885189481728 1
0.5232281146554602 0.9634033309670188 1
0.829282561947328 0.7809154404191838 1
0.4174629854527184 0.08212214748541236 0
0.9342117806963895 0.5210952742874668 0
0.25713771778290717 0.6651213689092437 1
0.23260790192723535 0.8513479724178401 1
0.5887453088052155 0.6420586694341729 1
0.3011573518372529 0.8211587905481231 1
0.7453437134406968 0.7224206568980911 1
0.1257413466177716 0.6846420383359831 1
0.9392147814865195 0.3633770784707434 0
0.2074442194340269 0.9072100483032617 1
0.14306256139758822 0.4253658239355056 1
0.9575392576446805 0.11289387070363976 0
0.7575600501712073 0.0001840240809126703 0
0.1702770000171112 0.5233323224548174 1
0.2831006692170074 0.702587590929135 1
0.7048168480856902 0.05934653404513546 0
0.5456231061372621 0.22285764829108545 0
0.45259221084891865 0.21001601312407547 0
0.6386089798077954 0.9480291853419317 1
0.026215323883233665 0.4732165145194841 1
0.6852381324968997 0.7308892107318605 1
0.004118063404930261 0.7534977793898182 1
0.3944647102173362 0.10395138351228483 0
0.658755908889964 0.6752497457205241 1
0.30966291291548187 0.17037321172770303 0
0.902544565105338 0.9119001981571359 1
0.41409764436843866 0.7022086274666476 1
0.0505721169718768 0.5485397345509897 1
0.08760245152914181 0.6260564221423648 1
0.8889721035355267 0.8701753602680002 1
0.4466259266232474 0.11335908477311563 0
0.9244536847333463 0.6217362138883749 0
0.958422809175915 0.4610430931256311 0
0.21270194148867938 0.1251036854135723 0
0.4199554292625085 0.36033827662832163 0
0.42802636837463104 0.08047736001370276 0
0.04241104205814272 0.947993852571641 1
0.782291199775606 0.11235008591328333 0
0.19965316422688795 0.5854429749237351 1
0.921965097909117 0.0678365834120016 0
0.4527429814410825 0.9918174229628806 1
0.3317643867595935 0.021989363334314116 0
0.4854647162927298 0.7474766388286568 1
0.38034891749575395 0.23248862611146293 0
0.0972306432142992 0.775512572783181 1
0.11808803719136263 0.16848396025374723 0
0.05658701021775825 0.2892158527834794 1
0.622845083898925 0.07368015617467982 0
0.8487588389930085 0.7961071788767128 1
0.040989773543932295 0.26331114209628537 1
0.0589804709587084 0.9005614386413299 1
0.6176392171414082 0.8974551641493139 1
0.7939438350341528 0.48576812206862674 0
0.8364369474269748 0.4457622383182047 0
0.9136307996167186 0.227519453262211 0
0.3547565575593217 0.35179353564994986 0
0.24176202668990787 0.31770963807559605 0
0.6635151286635491 0.3902586951594852 0
0.3945815691618384 0.3692635102872319 0
0.45479340182009753 0.9427024088889561 1
0.1993232231931663 0.14570791829711915 0
0.28985222058038773 0.011589383258434727 0
0.41697891960981537 0.8581934880820141 1
0.1932990968632794 0.587521283452473 1
0.9612127866967695 0.6122185899075788 0
0.31991765621646095 0.6811838949325119 1
0.03367447225452602 0.4461641175595962 1
0.104611334005139 0.4180942582541207 1
0.026372788955342785 0.48126917807319447 1
0.4795934612901679 0.2550018766460591 0
0.5263401343930976 0.29662777709000665 0
0.6306816092075627 0.3494031434100542 0
0.17764520760708058 0.6748957808224865 1
0.42627075514474433 0.6547864857304464 1
0.43402044417843233 0.004238040769273033 0
0.7023644877132319 0.358714634123542 0
0.3945677715115715 0.11120336214201854 0
0.39908251463555877 0.9612488755599489 1
0.37923009271084274 0.7566982487585513 1
0.024996217817881305 0.22691736215370306 1
0.24776641521533993 0.8786708950722117 1
0.375782580198217 0.16969455590550098 0
0.4156680864392335 0.3626506309808666 0
0.8268528741397876 0.9427273519262515 1
0.10874708844713832 0.44941260617249235 1
0.5189908042268309 0.8078724239578642 1
0.32497670250764754 0.3380654511113106 0
0.8313109290055761 0.4922371070679469 0
0.917528021112188 0.3751332349107873 0
0.5681498831111028 0.12494600814988688 0
0.9511529155737642 0.45434425643818743 0
0.5141708389544456 0.972331137358816 1
0.02693283217612663 0.6890071212137483 1
0.13025571424109095 0.6800202187845606 1
0.7835078601994059 0.7835036264239713 1
0.3805150397019861 0.30786189623550875 0
0.6866412002362657 0.7552522259061332 1
0.5039720098036968 0.3198076110221282 0
0.8308250874622826 0.8064934706496993 1
0.8210702747465924 0.13774537204149473 0
0.11654448117614769 0.38600629507012085 1
0.04974340701399016 0.5394220754348704 1
0.07725236198410512 0.5895668983826974 1
0.8861443431895738 0.0406626928487156 0
0.8709158625142241 0.5699978505565112 0
0.8982755093772371 0.12893701282593506 0
0.3103117007478823 0.8370158189296166 1
0.07854011177973197 0.316608548805713 1
0.6164046089727591 0.22316555415282335 0
0.5887166174075565 0.741608707117957 1
0.4673749898965778 0.1267184725342131 0
0.2557469773357872 0.14762457789870975 0
0.7210424130205656 0.6928263270884429 1
0.9111405116254324 0.631444235958747 0
0.05540619806098568 0.9615717594637697 1
0.862484491625141 0.37666040451558636 0
0.48976342237773884 0.3181596964643657 0
0.17015744989887382 0.9226247088051989 1
0.8163205137703068 0.48777579628007717 0
0.1347028286737676 0.0015791625788170727 0
0.8735909904512452 0.12004529999668911 0
0.9973795103873567 0.8616914517745399 0
0.49204120058660417 0.07924745899254293 0
0.9362286715820415 0.08384939236599209 0
0.678575915067924 0.33971327561126374 0
0.7230300049090588 0.12417464228037334 0
0.6516783766712623 0.6599720142360218 1
0.6239852742684528 0.26557588895463546 0
0.8395396186455119 0.29025183352627226 0
0.10391236865581088 0.11042079940591831 0
0.6103900395627593 0.11862414313811298 0
0.36824338054865524 0.043416535528728706 0
0.7325236732991565 0.873381853827311 1
0.36777778775729963 0.9693793734469738 1
0.4842531188280291 0.2689532391436499 0
