400 2 1
0.9580411469531738 0.30210927598077997 1
0.8496883739369558 0.21234715596400366 1
0.6752509210746358 0.7020209404044028 0
0.1345741248603637 0.06780497358184745 0
0.1752025620140668 0.9103928471777598 1
0.7218576319883266 0.3198916329877951 1
0.9961724208384163 0.28790505307036474 1
0.9374669357926775 0.21969121811017134 1
0.6197227293730709 0.1561745966878364 1
0.31348870325480216 0.31384210701247717 0
0.16679415221852611 0.6542996798477878 1
0.8215934630347379 0.24171743575706683 1
0.2571684713369973 0.6806097506829607 1
0.9822511786110906 0.25738052662785094 1
0.3498143740690741 0.23762571608539917 0
0.8445375299919754 0.9676027937904611 0
0.7083439212272847 0.7944196508648398 0
0.1483439708358989 0.6568666001322735 1
0.8249131199026315 0.31270940266691916 1
0.32260541852733127 0.9070504568918748 1
0.055534503246648326 0.2388697180940027 0
0.9399070752208788 0.3439046355919473 1
0.01329142143543316 0.19061194657194158 0
0.18131031100632045 0.9745374176834571 1
0.2231078814816223 0.9333589552235139 1
0.9806429948476337 0.7307835886536687 0
0.6382749229429594 0.7383111886748064 0
0.055648827257038125 0.9885012599647047 1
0.23880503045428558 0.3753246159147492 0
0.6776853314502125 0.6179623471087935 0
0.0907635319205361 0.7068895917842489 1
0.23289739512975094 0.2551932551409476 0
0.7453478397297831 0.7202981905654735 0
0.1485989829709471 0.6974008515464261 1
0.24915122607032725 0.9833843351105791 1
0.036548483610909455 0.6420762404930297 1
0.38948565276260927 0.6117825522526742 1
0.7487164710367339 0.10091588305838595 1
0.28241915954229824 0.019348240158421848 0
0.8375344983890385 0.24343472341982042 1
0.16719696671587414 0.22486936120557643 0
0.9141286570220621 0.25951209023483257 1
0.8315743817015467 0.9574830257422491 0
0.3761756921954792 0.312102382601233 0
0.19682898714154695 0.6934344870876887 1
0.6823085077467895 0.9634344438568889 0
0.015009484703461307 0.3061792568247308 0
0.8064156199903016 0.8904503020144185 0
0.1646209464843963 0.3320146757469775 0
0.15627578717624813 0.11972835650912161 0
0.7989193554868519 0.31467343674623804 1
0.6020694822736861 0.15127826081744467 1
0.08753926074246565 0.08005692935043329 0
0.8303907980580361 0.6930610959184301 0
0.23353109054229215 0.3363904951026174 0
0.6269025734737936 0.828032799595651 0
0.7562449964825914 0.35765507409881725 1
0.02501174058165767 0.1467703755951073 0
0.8481670392273297 0.7459295120077395 0
0.7834114267693725 0.011206949551247791 1
0.16021316862074564 0.3010611541807301 0
0.8502438262481795 0.3036243374751396 1
0.016837130949073575 0.11526489008700136 0
0.6844789187195731 0.9079467777114302 0
0.9168939020458807 0.6201044295081262 0
0.6463348807352987 0.31774931059052136 1
0.27751802265783765 0.8312484121512898 1
0.14212146859568098 0.1415257921662132 0
0.6664578956487027 0.7481821069168992 0
0.05514764144503115 0.2881231256661799 0
0.9272366354283461 0.8392099000629593 0
0.8216326264104938 0.8297429269677732 0
0.6853173298755404 0.07492350552705407 1
0.03184704801662375 0.7418047706850182 1
0.9119285686097028 0.2756959355962224 1
0.9138075022692455 0.011813756993170554 1
0.30900115045529564 0.3672991795424031 0
0.9721648628371787 0.9844378391700798 0
0.23583361831119387 0.22370892742358262 0
0.9423282193743077 0.7398598105794261 0
0.06802936111391522 0.1467658190260548 0
0.27361581786528466 0.9385689913828009 1
0.3038908410348907 0.23080612231344122 0
0.7506213671909103 0.21201391514403722 1
0.7386679469984191 0.9460107221971623 0
0.2572466709762784 0.9399408013490986 1
0.8732652190171144 0.36895442546312773 1
0.8081228122638424 0.6899816667464835 0
0.002392601103653358 0.6596714425979683 1
0.2471122920675881 0.8034538880310805 1
0.07345773161446112 0.1782653911440576 0
0.9908186475823845 0.15734626151896858 1
0.08187805355076028 0.6487460422032018 1
0.7035934088975864 0.08315314049731815 1
0.8259327032338901 0.2684884416454557 1
0.9548610205469436 0.9461164664541464 0
0.7911630953747675 0.9391781696283124 0
0.27859299008075067 0.2817830988577018 0
0.8762363004317247 0.8108162960344275 0
0.37372383011456 0.01437835237989693 0
0.7925858079842631 0.6098430943661023 0
0.1250757114268467 0.8789215267679753 1
0.8505276974438761 0.8898755203805317 0
0.039366771133120926 0.26914336956216844 0
0.014083365387023261 0.6432123080368776 1
0.9450136597699441 0.2409268463133265 1
0.17608910299463776 0.2297847118583396 0
0.04627820061258292 0.09885506669023658 0
0.7476811751727935 0.9399212358531762 0
0.3059612609078174 0.9893819138428152 1
0.9818082879009139 0.033819986579158634 1
0.330012671214135 0.3894897627485395 0
0.8992873822379975 0.009890684385111204 1
0.36670079796444244 0.18768594445149211 0
0.011365268857357114 0.39109377562828807 0
0.8075357881413894 0.78519015493586 0
0.191110295159732 0.12243181202595199 0
0.7834089465075064 0.9013660291181925 0
0.28942468395960774 0.0046502510042606415 0
0.3083044424032805 0.054839804626447886 0
0.7542072117713339 0.9921555459605439 0
0.19284381256742156 0.33366094493210385 0
0.2360720838424607 0.9758464016676581 1
0.10025876260076139 0.3312312861409775 0
0.2278429632854062 0.09927975541678546 0
0.8915833312681306 0.6733463799121482 0
0.8967917630199106 0.9739219753481763 0
0.8637607426127325 0.6614630814918234 0
0.9103160962168948 0.7655547960574624 0
0.640304360295502 0.6235424578034667 0
0.2115936706253264 0.13659531836164696 0
0.9946368833733475 0.9569993750857424 0
0.6457932288735246 0.9249945134844628 0
0.7835533067143481 0.37836778403573446 1
0.6912810744597628 0.9280026514423422 0
0.2585202193906351 0.19832448691462445 0
0.14758802583800446 0.24769172428414998 0
0.6933455048425538 0.7759130422278333 0
0.8261353910582312 0.38942713213469426 1
0.3903287062278875 0.39006059003297355 0
0.06892706243779168 0.07910312429419042 0
0.3209285442623462 0.8121515065406391 1
0.870668527829366 0.8625747462652563 0
0.980940637161139 0.7052603652377012 0
0.7555334550157095 0.8826637578721794 0
0.747920561895176 0.7510789738076077 0
0.743728577618401 0.8910785092020792 0
0.1557842828911118 0.8848242077267869 1
0.8054940063327748 0.14344068777290508 1
0.06630350804191765 0.879130561437776 1
0.3869390945421016 0.02521376134386799 0
0.17230381970601383 0.33575074781819136 0
0.36425091988039093 0.04102019200777729 0
0.8564331672991874 0.8555530389781948 0
0.27302579903097757 0.8367333888011531 1
0.9274685869926269 0.9542935353994277 0
0.8145782335253763 0.6653920913066834 0
0.39493759349974533 0.11756720860012793 0
0.19817043262188705 0.8080097980102118 1
0.8384994397202947 0.7928597437916348 0
0.14410944251428304 0.7089161988976644 1
0.8549090425901171 0.6505576738160805 0
0.9405922014697078 0.9630533199959712 0
0.2772909251909934 0.6659307453952145 1
0.19090190532737328 0.04269560850215548 0
0.9400088844718405 0.9272268209281628 0
0.8154701290677268 0.36920099467926737 1
0.9739434616447231 0.3119595456771701 1
0.2501040164198993 0.3198697763802061 0
0.9145128002090152 0.07362171598458656 1
0.8265341695349352 0.16406946691525226 1
0.19488832151111024 0.9237215206035788 1
0.9776668814560282 0.38690309655342625 1
0.08145655678254127 0.862189644189628 1
0.8150825768387602 0.18268883550357462 1
0.6120960646891108 0.36945158415128676 1
0.3856354901967318 0.7767305009535818 1
0.7772297885349532 0.37975355513486564 1
0.1692734339962506 0.2943073542752649 0
0.2788474389961566 0.016972386615795587 0
0.19919172432566667 0.8727753014212298 1
0.8992553429962501 0.09058570889478101 1
0.762863737578093 0.24623640090671284 1
0.025772160490474372 0.2905683418442815 0
0.3650406848765012 0.05101907569123265 0
0.724288880300175 0.18740591213904512 1
0.06003080346459633 0.8464027558561186 1
0.24396727972771048 0.3823666374547059 0
0.9915615654926032 0.051775759880138605 1
0.36249053033555756 0.9127497480592812 1
0.7456056334311824 0.7586868560700482 0
0.980417649810839 0.6399920546242476 0
0.7661358911702874 0.08335163076863084 1
0.21289442915996926 0.95356756421277 1
0.0867264079157487 0.20180624082254517 0
0.740009146673202 0.6078255418691778 0
0.24334969805314055 0.9158700487360648 1
0.3905813546460941 0.04464679309758335 0
0.0666173186659701 0.6595448330740764 1
0.027697689470059794 0.7626064473972299 1
0.3353810684030327 0.6690409620232338 1
0.680502132862208 0.795411916193347 0
0.21387263372427245 0.699799174133764 1
0.010992180329485457 0.06630135864493647 0
0.039212759442421974 0.8125967607518297 1
0.3955266064910462 0.004517930490370303 0
0.8036369649062848 0.7509410173318197 0
0.3724349005141818 0.994041362863816 1
0.20333694480209674 0.15037053378291154 0
0.2201209372534858 0.016737732274999195 0
0.013797773718332906 0.7596096519602333 1
0.11150227033273163 0.8542528055523455 1
0.6036299789811813 0.1681624967557681 1
0.1413974242758227 0.24516898212497318 0
0.6612044477198539 0.6460283792966593 0
0.01953510916277701 0.002705262440116263 0
0.6243688878278707 0.9689672504729059 0
0.3268113134197357 0.2101348664042022 0
0.8024852065751795 0.016811953852396866 1
0.3718316250216983 0.6524991666415022 1
0.7846390728972744 0.09273948805919696 1
0.012750462259245032 0.22422612903372519 0
0.7759605756717352 0.8952258357658379 0
0.7768344491231594 0.31958636149830066 1
0.610625617501874 0.13789581720986743 1
0.004331691008586658 0.021953355202393388 0
0.8034772378935481 0.8068710824414542 0
0.1286429010911302 0.1251864081743589 0
0.6918062059599923 0.0009589451949464367 1
0.04037967876490611 0.12816865781205988 0
0.8038238867952145 0.6426278753485126 0
0.15155739264184387 0.23832065000347935 0
0.7371022813558751 0.30409683564217305 1
0.9190911372376434 0.39559219165730164 1
0.24703177457310288 0.6068131564392978 1
0.993935558685121 0.30961904772652227 1
0.3025802884527812 0.9532841824169286 1
0.9141284999676939 0.3258020188134212 1
0.7257976943385329 0.7444249234356143 0
0.1269107513093427 0.9514273357161698 1
0.6969493346744432 0.9927686320014942 0
0.8726790130117869 0.7856390547774349 0
0.32450619134581316 0.09012814879631226 0
0.25287876205353266 0.36142125821217364 0
0.13843166891885927 0.8869824430023591 1
0.8124128117157897 0.6875891179159153 0
0.2733524445244041 0.667938879236288 1
0.8404767933598286 0.9892204894378588 0
0.7154988949716751 0.9349731973769936 0
0.2086610667075971 0.282765890348051 0
0.37055842164507347 0.830099234329521 1
0.6227623923634985 0.39072914381601975 1
0.2694320727446813 0.7567817188190237 1
0.8891572505786355 0.3593708065064961 1
0.38498122469163465 0.3360311650344713 0
0.7839287319108553 0.7178773541383401 0
0.03624252465849631 0.8929619734152822 1
0.9822615361820363 0.38289064100104186 1
0.7806388779211658 0.20013613141028141 1
0.6670828954395152 0.7523558679184951 0
0.9863192989968187 0.9114537249858446 0
0.828501844182205 0.18110883057773153 1
0.6612520074232289 0.2552828765766322 1
0.17599317758922328 0.04645984843833051 0
0.7001483906057898 0.8125653617945812 0
0.2749594312300392 0.7982153670137626 1
0.2567002405657791 0.8230910674901789 1
0.6620013122892157 0.8186790434004585 0
0.30584221958614055 0.05793387191015553 0
0.015508801230042057 0.6889394646940921 1
0.27982262471771324 0.8235150271433285 1
0.8997279534413025 0.8205255414360395 0
0.8042728113402776 0.9418555948084107 0
0.984052596157902 0.1405106246028749 1
0.31549260212284214 0.6209161016204238 1
0.8628491254524628 0.0840803238040031 1
0.6026857085294574 0.7265297739386153 0
0.8512088277907978 0.8782328510247546 0
0.10116734406588568 0.15207862398977112 0
0.9622205187973741 0.011496732648297758 1
0.18038702528603978 0.8326447122054138 1
0.04761559220523037 0.8951064793683677 1
0.21989142967991548 0.732718391755342 1
0.012338648696027299 0.2454442655542306 0
0.9805980966953642 0.387411638963705 1
0.21556705244772467 0.17100605743416342 0
0.6103029110756937 0.8393342516527691 0
0.0950627263674152 0.13215462911838605 0
0.383785893496838 0.6849278677919394 1
0.6715852947481098 0.7313991039229683 0
0.8532921172043679 0.6300421349599632 0
0.96977041742113 0.9901711300039071 0
0.6117132679016505 0.7043189882945159 0
0.6665240081872751 0.030407453455116973 1
0.904375831424898 0.025479588516141516 1
0.907041303567122 0.9888708809711938 0
0.08448512256626939 0.7152137846117688 1
0.3798524713778457 0.9017724553153174 1
0.07268368335536857 0.21660344248307872 0
0.22017812579086216 0.9984891048276331 1
0.7215872242359335 0.8588017073096507 0
0.958114209788738 0.20516776285763627 1
0.3682460025808182 0.060745741445115686 0
0.2237094241801567 0.9594357853908567 1
0.3147391618019756 0.21368604818468906 0
0.37647258267713213 0.1447345699912368 0
0.7237444607233545 0.024759948989663938 1
0.32917612117876105 0.09973020926584142 0
0.7541444929665502 0.8645021314288113 0
0.29617118944720056 0.6280135203320694 1
0.17804696252104846 0.6113453849383454 1
0.17936901383475945 0.7578116524517166 1
0.16406236063934798 0.03344711556185154 0
0.26114833768390033 0.13865389056742805 0
0.9491957367554444 0.6850608128155083 0
0.9652452508323182 0.055592056744816154 1
0.9936836611727141 0.12120766892436097 1
0.0034432962331126804 0.0730846998980722 0
0.08894823401053431 0.8377677201197686 1
0.7487163085063913 0.772714826380694 0
0.7286726083642352 0.9186838821745816 0
0.8777598512582125 0.36729211683425667 1
0.1221486314653305 0.2491213035142753 0
0.15145966180809878 0.675710851129188 1
0.8474084916646994 0.33075754632559184 1
0.05889996218439386 0.8930162946897572 1
0.34584079022848757 0.8267236734852326 1
0.18013184149377282 0.649728689714225 1
0.09380087787644287 0.7018018417136002 1
0.7101226937122166 0.9373785234253679 0
0.15737717587014677 0.9635380769192314 1
0.32926723186716744 0.9764343558729074 1
0.9915107737931087 0.2584065029267262 1
0.3035682594293265 0.35923992823254813 0
0.009520302001381986 0.010521711585916305 0
0.826486737525689 0.9474940984079683 0
0.9090708666154712 0.009249727049632672 1
0.2564268663012771 0.2953032436281602 0
0.046650095250140855 0.2351833067120067 0
0.17384530180607705 0.30479910413222566 0
0.8888256784999004 0.671653350680112 0
0.6210041130312752 0.1375256518559429 1
0.9284359939531698 0.7221090352078114 0
0.8613784985979482 0.36725912666361127 1
0.955051428144906 0.3531143224964829 1
0.09508425092776118 0.7580219783213663 1
0.9722415602144614 0.11083635078298082 1
0.15232750778687876 0.9357055452907252 1
0.7418314183199212 0.25072087966289147 1
0.30735373803472255 0.16277164256177212 0
0.6580399772419641 0.8364126738600238 0
0.9712634371341616 0.6541467804285402 0
0.8881135691283688 0.24327391485794403 1
0.8895768985516679 0.8961569146426462 0
0.6005837976432654 0.7724904779188576 0
0.14030506553143407 0.32977199543706825 0
0.9377807608707024 0.35928591812726285 1
0.7690778505211908 0.14172059809499937 1
0.39498502794634094 0.0620549526125348 0
0.915296987828643 0.3493984665663613 1
0.3432275675665801 0.340729748727184 0
0.2389365233305466 0.6204674558953408 1
0.23770135539048176 0.21969541335963616 0
0.6757480219083773 0.34341933544300685 1
0.10426591570580213 0.15666417532111843 0
0.021482218233583983 0.7444591694378223 1
0.7183101133435882 0.02211127928188139 1
0.28463074575661207 0.6746459844247471 1
0.8127577528306447 0.34015192797779403 1
0.6579605200738893 0.9851742356136517 0
0.19406839151362576 0.6546114148539961 1
0.1647422959610737 0.7038840836861232 1
0.2859714126023245 0.2850241152949201 0
0.13894090559560568 0.12245794005038846 0
0.9142176209817967 0.18362437006413068 1
0.2050605668137948 0.9126812689587565 1
0.7567275150044643 0.7589545733444741 0
0.6597686958575841 0.9632353330926903 0
0.6547956630020146 0.025489656697507468 1
0.19601050620437954 0.7236534246722293 1
0.6171538738567756 0.017069074473022194 1
0.2675679892430535 0.07541198913735903 0
0.38078353771965356 0.7494355490463481 1
0.06192650578495018 0.3277369961326295 0
0.7863708963881653 0.1074136500198658 1
0.3322245866977348 0.33423941906956667 0
0.6885191295487022 0.9063463341252205 0
0.024408817165797014 0.9912478848247837 1
0.0535104544837941 0.9192652414505317 1
0.0999051374728841 0.04178082925115878 0
0.9780595161359171 0.6763163764746534 0
0.9684273571056137 0.6834415813380063 0
0.24033488627477007 0.37654724837549125 0
0.1726328039115227 0.8246753254286566 1
0.7524443348377272 0.6473537044913455 0
0.7623556842150722 0.6608911849390076 0
0.35304400847090345 0.34847588780072924 0
0.17636646734858552 0.7714953537103958 1
0.14119140295617216 0.19172272666066426 0
0.24999550526251857 0.7314511276337179 1
