150 2 1
0.9243786832612229 0.9527917517267309 0
0.283783685440817 0.1605946096019718 0
0.8354997749467413 0.3080475060007667 1
0.2533034641084202 0.04342634516565891 0
0.1527252187501218 0.8109030161917228 1
0.05948004499628401 0.19116777877528712 0
0.16928804104129402 0.03830519225626172 0
0.034763795951322174 0.9297309370448454 1
0.7647211145549437 0.2570718165357544 1
0.9410456634197724 0.605247752387422 0
0.2088740335128879 0.8634313872487867 1
0.914184237012785 0.7338229821092256 0
0.11749314896464846 0.004710600748926375 0
0.7098654767509891 0.2546598127833509 1
0.39850246373488885 0.1771315026561212 0
0.9161382033668294 0.924052866854088 0
0.3043910309753187 0.14930556685410457 0
0.618423840544368 0.033079744782156806 1
0.1520615679057279 0.0777840129847901 0
0.6757422184176991 0.7162498844803378 0
0.016807424000801263 0.23951208507017108 0
0.37523129888105455 0.06106751963951107 0
0.8728999954388845 0.08568176756097312 1
0.6341867639298213 0.6435599820096489 0
0.8555000650853969 0.17912912381924861 1
0.8692750722115814 0.615658172601253 0
0.8687599430546183 0.9793041573151711 0
0.31193873682080364 0.37567649366226785 0
0.8568588379619193 0.7903589304191496 0
0.15337513964956961 0.08900223822010611 0
0.6733726618164156 0.3985363724268135 1
0.3346584472683546 0.6578872592155521 1
0.9245904543693998 0.0574610500260897 1
0.025985418799263083 0.027545904015399136 0
0.7489360052131764 0.3951192719799277 1
0.30761269665116253 0.39252954961628805 0
0.1806076524514444 0.35887791306382755 0
0.20385977114879095 0.6424993953239275 1
0.029824063024310954 0.7603639473412002 1
0.848262248557047 0.8237409773738547 0
0.8105458176557934 0.11955339115773278 1
0.7101130720757087 0.32932860848927725 1
0.8798379746959193 0.22687213878942059 1
0.8685490588320735 0.02468884813406147 1
0.7858563485800348 0.693058397147873 0
0.6971657376766587 0.20616405602268717 1
0.874232235379171 0.3155766476009515 1
0.37286972474041435 0.11625588189465741 0
0.8955591515933704 0.09248635959401075 1
0.09440677894394389 0.8828592622751117 1
0.07901518215763448 0.8908712581891602 1
0.037101517140007645 0.7794164646289735 1
0.00861097848255199 0.8799191754502398 1
0.015646674872231592 0.7143682408543454 1
0.8946557928118299 0.050568651150653565 1
0.2549203835722703 0.04665220372378065 0
0.263333677022749 0.3428261431354265 0
0.7754758634151078 0.24121457562405202 1
0.8079800866304542 0.3290070488542691 1
0.02101889099110754 0.1390562945646845 0
0.24401351833199214 0.8082282830885292 1
0.2995560525432138 0.29582998550018236 0
0.21579072269854216 0.15689205686286722 0
0.6514923202203549 0.2474831767125497 1
0.05112546348521552 0.2208105064036031 0
0.9987803233361631 0.2133838018380282 1
0.9195540676150588 0.7675362185151874 0
0.26759291199440605 0.7790841900256887 1
0.13715801855345322 0.12439495370929055 0
0.2967913879144305 0.9305654792354715 1
0.20788637397713206 0.9859896900369715 1
0.37338290269380825 0.16396420391627342 0
0.27678088681104185 0.6332804651855252 1
0.2748123505393071 0.011182090390533417 0
0.09607219753673557 0.2694616899936034 0
0.8001357127193741 0.7979945198273161 0
0.9659068700253243 0.7531517284819433 0
0.27661714672374504 0.7418257129097392 1
0.737250247004637 0.18457853666205626 1
0.01553421933968191 0.018545348832603503 0
0.8068865836226297 0.6815782398239241 0
0.6944665441430468 0.9189739007889199 0
0.1506059752144413 0.8636069381720725 1
0.04296864751997931 0.7095450345302146 1
0.9155321798301639 0.08475976319636014 1
0.9602205624023851 0.39932402813683376 1
0.7550084431930516 0.20333574341611105 1
0.7985396655793818 0.10746717882415702 1
0.06386412397450536 0.7685949965032781 1
0.25381518190990815 0.019236105178693563 0
0.07931573859924312 0.9596590473208818 1
0.8607629874275688 0.9702108710419948 0
0.14176196501463212 0.6334315815230852 1
0.7105484432596758 0.20157206985840193 1
0.9206894719278581 0.2676116848960757 1
0.15533726072402454 0.6517943384770105 1
0.34886973803577326 0.05216861577848764 0
0.04999613328515484 0.8883198988715694 1
0.35027532966617403 0.6496989896932475 1
0.8618676051697916 0.7471335075526324 0
0.9271563021380669 0.9854026841994548 0
0.18254427510081173 0.14083525319338985 0
0.7421879552570528 0.8212921714514084 0
0.3005815049689088 0.8360853339464224 1
0.8314033565619253 0.25380784613784035 1
0.062371013622183225 0.21327920056896443 0
0.9387812627788364 0.06761686240061193 1
0.7948345810166607 0.3488965683266312 1
0.7562450875657074 0.1786226224994485 1
0.6769769564534049 0.19881917142970607 1
0.8291558355437686 0.6449912109814895 0
0.868337584573489 0.08812291371192682 1
0.6121837879736127 0.9380686917430122 0
0.7956920984689617 0.25474571342601804 1
0.04777364296792419 0.26084225309762077 0
0.7739444611752427 0.10875291814880317 1
0.8569259790202962 0.12769846701285437 1
0.15986640056290025 0.9691421028144931 1
0.38323694194300306 0.04986895582994155 0
0.9796134195972336 0.7571216531889762 0
0.7747068140811758 0.30314167118060653 1
0.17246439197710073 0.8485412359313753 1
0.9363384553960259 0.9850697814795588 0
0.7194062908971268 0.9637503793726067 0
0.30009232533261754 0.7702612048658328 1
0.13844163855259983 0.3013662024859436 0
0.7487085902927703 0.8812839135731994 0
0.21496993893398464 0.07602774739796814 0
0.7751802779417345 0.7037388596485348 0
0.1918720506719006 0.27336699364779327 0
0.24503620837922402 0.1450423529473689 0
0.14844199447123563 0.05236923601406929 0
0.2481408271588481 0.2784365305813561 0
0.6097952204493561 0.606578074361972 0
0.7177827476621422 0.7802783189050775 0
0.8527396554316432 0.7328609175499915 0
0.029941039276933812 0.6675470047702281 1
0.2876453105487633 0.06740221349316933 0
0.9891338753973786 0.7227411592751672 0
0.1828680260602512 0.8495787720237419 1
0.7800382820946141 0.9676884813612978 0
0.8302960822301579 0.638613977705782 0
0.30875131657448573 0.08577733924169251 0
0.7261943612854292 0.1266191926148238 1
0.6157802763281979 0.6695591879815213 0
0.9075725072898553 0.7373061945589156 0
0.03501574140484276 0.7740305391279387 1
0.19931216425490206 0.32003724711624937 0
0.9959409020216236 0.22011732887508828 1
0.8156527946517887 0.9743328691834092 0
