1500 2 1
0.3003112131752351 0.8545344019376343 1
0.31005166904288106 0.3775329605869402 0
0.056091895683042514 0.7507059668102297 1
0.7085212956508553 0.9775182191427536 0
0.8973780681908343 0.32246438573284286 1
0.3675884488209441 0.7537725058705629 1
0.216692962045134 0.8607897672837048 1
0.8065342260121615 0.7226850188772448 0
0.6874612695829155 0.6160516182679173 0
0.828119607818851 0.2237916151725139 1
0.6921115122762846 0.9787919329636522 0
0.8117181665561138 0.3899101152955997 1
0.1526565498039708 0.18899055540072807 0
0.21708256165245943 0.33709086779387254 0
0.6054890660911337 0.23922033517380525 1
0.28074288803713465 0.33906814650482286 0
0.21781563437279383 0.7358628651975264 1
0.3150665851958244 0.08689873732267961 0
0.07842403358225902 0.8025804456568139 1
0.8986849928164985 0.3186435111560464 1
0.811775989782666 0.9000638984763187 0
0.3053262899700344 0.3267770719047751 0
0.241472824126145 0.17185548464674594 0
0.28972554065535217 0.1395485556198296 0
0.14879145478654698 0.9969616105226191 1
0.845546652431249 0.9930434583578007 0
0.6356580573154514 0.8595249369614771 0
0.37686117207379377 0.21350303717586983 0
0.828809691712579 0.2745295376638348 1
0.14569818330533957 0.020656706717733897 0
0.3964149505914152 0.6121167325027308 1
0.9660115610371215 0.24208251546206505 1
0.32332593200039883 0.30915438672606665 0
0.7264875286259849 0.9964616578142218 0
0.32764727276264627 0.8323290631956178 1
0.8820174246627284 0.37275580149622234 1
0.7988054098481416 0.013321521131432923 1
0.2863276228272985 0.04680662930156243 0
0.20036398490022778 0.9662984912947201 1
0.9446487151682502 0.6021409819526234 0
0.7650550901100055 0.7372593140702447 0
0.919787788172318 0.19523654640479438 1
0.22948496725239032 0.6275672087616979 1
0.3456942819000257 0.2745543345427395 0
0.031241293899183176 0.1503842054551774 0
0.3618438605410659 0.9528944508236449 1
0.2297137379335189 0.7317899406098993 1
0.7323908410904024 0.9976908742470866 0
0.9378920023010575 0.09390069352576569 1
0.1906019219100883 0.7262641403712133 1
0.8199771736774037 0.6489896100600536 0
0.17537653081416704 0.8375262354817196 1
0.8698514686125515 0.7479235367433934 0
0.876001693857845 0.7193432938342248 0
0.9277718207134359 0.9562667823699165 0
0.6226366158771459 0.7113272860415707 0
0.6525529441524732 0.6870176781482661 0
0.346582597236344 0.6222862831588892 1
0.20494935075984366 0.2666901217070162 0
0.9951610746800181 0.05817081249657452 1
0.8119612561044358 0.27422575398290583 1
0.9984842408881162 0.08043572158723578 1
0.20804963911324403 0.31988254580097764 0
0.8961116073525616 0.13739352681981343 1
0.08945439310951808 0.8391511078575089 1
0.22621087999732403 0.3667494030002936 0
0.9598472930193996 0.8193918737986433 0
0.6791319109089052 0.6527251133832399 0
0.08728240677239274 0.14607486788460322 0
0.7474804400251747 0.0517720038175592 1
0.9504232611626234 0.09358640692246756 1
0.019001958818420484 0.0026575709392284708 0
0.6293620008507974 0.7367062340031117 0
0.018245479363018013 0.7511912459155263 1
0.32314086751417825 0.3643369175489475 0
0.04286291629612249 0.36231618240323016 0
0.8533471906174817 0.3769663220849865 1
0.2031840963780014 0.33912919985732637 0
0.14361249679203192 0.3067834475023221 0
0.3400328913222759 0.6548358246435549 1
0.13960745917434603 0.19007236375071068 0
0.23079156148045898 0.7293154154110582 1
0.9907838895679847 0.7204005895361552 0
0.21989921586095706 0.28317911846898647 0
0.04078824952090143 0.8080563676121851 1
0.8583878015577329 0.8383428229109074 0
0.3679968892900496 0.6677827891045406 1
0.22183336439985513 0.741729780739074 1
0.015897780602064593 0.22781713808625859 0
0.2971774253803616 0.19082343183946715 0
0.7970715799198058 0.01978321251003501 1
0.37608146426394473 0.9060067927331686 1
0.14667289604980427 0.6960603120897884 1
0.8450568842230676 0.8448146478791658 0
0.3833827990796055 0.19102665518422424 0
0.9097592513054413 0.6316896963734562 0
0.9494354986725425 0.7066889775304528 0
0.6564624894359333 0.7262944003039551 0
0.9534716459569565 0.318690172278306 1
0.1644740341227232 0.326712710024346 0
0.8410482908755863 0.9812890507159 0
0.9420664107992011 0.9395064627015753 0
0.9558212360471365 0.6829177007634172 0
0.12951888991129734 0.8525306013894146 1
0.7537965922776126 0.13985378449053132 1
0.82283059225152 0.27157034558955295 1
0.1188023845442403 0.9164810608567129 1
0.3482153261223996 0.30649359301269985 0
0.006996055368164944 0.8739784840515537 1
0.045860567183801604 0.008061467286582191 0
0.3729256521892794 0.6966730510353051 1
0.6982672840160732 0.6262974174277696 0
0.8782589867537282 0.9706048546281054 0
0.8355332842422546 0.004320334807432991 1
0.1525776341381656 0.12622745883880948 0
0.9746490487999269 0.7546827261597299 0
0.3291691710043655 0.02086152662446472 0
0.8370213963931125 0.1432864914468469 1
0.9668275473507877 0.6344521182068651 0
0.04479791893303631 0.03952315307897314 0
0.12059297511588163 0.03269608386677192 0
0.26834435733984696 0.7212692961365518 1
0.8433453630662519 0.9768630752700042 0
0.06490545282248761 0.9848735906810508 1
0.06600299502652851 0.2747108458767614 0
0.7556993626094061 0.6167268010547101 0
0.0650459191204501 0.641390766561078 1
0.17361363571437327 0.029821494228965073 0
0.9681887420723184 0.886135724575487 0
0.09472273191102487 0.02669703178620597 0
0.8087933163405818 0.23035018775333793 1
0.3636301212759474 0.942310524084294 1
0.746346477326883 0.25578377866004787 1
0.3087185303521458 0.882657833026624 1
0.6022057358154792 0.8940577853670588 0
0.30155019537909544 0.1908706219579942 0
0.7735811094428061 0.011276896663386826 1
0.9115231937939748 0.23787946313377129 1
0.12687989487987483 0.9068401424396614 1
0.19023747022406856 0.29206284399771176 0
0.958756339093248 0.1922040843803462 1
0.3658879422441129 0.6568370038973548 1
0.06312433056919542 0.3656442395566467 0
0.009029754952631808 0.036576766483515044 0
0.34280001846408104 0.18261447548357335 0
0.7917464696363261 0.9245121486364721 0
0.6428133979102718 0.2269894365323042 1
0.34240745130233896 0.914890795048337 1
0.34071107799902756 0.2646547345122561 0
0.6486475810659291 0.6144586494506689 0
0.6379731956194125 0.20982368627841974 1
0.3704312722667612 0.16283227331387828 0
0.782970601500334 0.14444550496466213 1
0.37892516030290313 0.8014168923412041 1
0.28846501568886906 0.6025975300811398 1
0.768662612160158 0.17592555768139562 1
0.2567619230293876 0.3969131893352811 0
0.8730353043478372 0.6623679292101972 0
0.011591108061061561 0.85816911398048 1
0.12120749045768986 0.3376184102638635 0
0.6884578756461139 0.027993256818256484 1
0.6067228785333175 0.24935910309344367 1
0.6751045222844293 0.3220885254968965 1
0.7149071809322105 0.9375051860884036 0
0.08094174548150368 0.017230729966542624 0
0.10071798825729594 0.7510946579990191 1
0.8238001291104491 0.0016070436285237077 1
0.046231829292936566 0.6596132785174926 1
0.16243395001355787 0.8993859388273345 1
0.7729333974634828 0.9858965940004015 0
0.8718469856419028 0.9978957201738451 0
0.6810653895692943 0.27984463839656826 1
0.7787746587881059 0.7089226533404419 0
0.8801778911226696 0.6810955016788397 0
0.9235507921046752 0.8255375242259647 0
0.8186003444959221 0.9278205391460457 0
0.22480467276506821 0.9814747199414718 1
0.9853347047174458 0.29287052179749695 1
0.8868663130274863 0.6545353932559548 0
0.3484435843369269 0.8138491070476758 1
0.01812036215301127 0.24882656040105133 0
0.3038423072106706 0.17213659256073677 0
0.8454031061559413 0.1795490233363517 1
0.3877156266934665 0.7548051625128971 1
0.20674363745213398 0.11969636451939658 0
0.1511732704401677 0.20658236992925783 0
0.8872032025435799 0.23526937628319378 1
0.0865770006560096 0.3773149881855633 0
0.6514965366764048 0.3912608253583193 1
0.014026142186159163 0.7308040863589288 1
0.9354412793498068 0.7021713331169406 0
0.818452871751208 0.9751770221934969 0
0.8165819278993592 0.801946398944269 0
0.8678318309515911 0.12122155891849495 1
0.3926300018919556 0.6210756456528728 1
0.6303364222958273 0.7478401436249619 0
0.10319260506565664 0.05965805331073093 0
0.2781277312928837 0.952672273443976 1
0.9872707754783671 0.38208013768207005 1
0.724996061843597 0.19467969741883429 1
0.9758644008729607 0.6278637367572593 0
0.2578762622504954 0.739069575158456 1
0.7520750240476473 0.1894957424374949 1
0.7368771837561989 0.7902048667551916 0
0.6810075036117008 0.8749921785743984 0
0.32466618643752754 0.2865896989271035 0
0.915283402696982 0.07459587681376867 1
0.7411248179831182 0.8762359759344832 0
0.6407885896698126 0.9995177108707433 0
0.25593158623632717 0.17179724825338494 0
0.6472293883055379 0.9499997180111704 0
0.7988153298003422 0.1885395318997074 1
0.7792779409973766 0.6499436620779195 0
0.8149225134197512 0.9295815562011684 0
0.6475543706342545 0.6239770323961904 0
0.04568445632479745 0.8499494330314155 1
0.7703574864888892 0.3395069652263478 1
0.12367079480483145 0.028763936077474517 0
0.6731522618303847 0.7272789107586851 0
0.6806656835408094 0.6057069826935592 0
0.6634343514002345 0.8556537983020228 0
0.8541363815496096 0.6674555782214835 0
0.925564602658091 0.2635575066868475 1
0.06958936456156872 0.24623700293938744 0
0.15194935535382925 0.9821983208201582 1
0.13389116329686113 0.9603099762625594 1
0.2195334713955206 0.8177153658004559 1
0.29745025346984133 0.042303675504332006 0
0.7395508334490308 0.7755019704879543 0
0.32579076966420906 0.887146899908092 1
0.9623482938546283 0.16387247684963246 1
0.756317700009208 0.1743312137029781 1
0.34509165474550585 0.8736897651963421 1
0.19820719759870697 0.872459423263405 1
0.07658510080741099 0.6550174186717052 1
0.7531345011512107 0.06567262863430812 1
0.3525919709234422 0.14378578643199513 0
0.7920432024940239 0.9880763885402851 0
0.0017303554396923548 0.09818631172194325 0
0.09089511381267512 0.2656149612093046 0
0.17403034845830456 0.18587886223291938 0
0.14154516264976746 0.30476319239082816 0
0.10931390121617068 0.9107117864573998 1
0.6236563776473091 0.7115104534155513 0
0.6855390314531664 0.9245264297132161 0
0.0962859103047412 0.9650886228715311 1
0.9750673455506134 0.3084969390194644 1
0.19411100446896712 0.24694441173835047 0
0.05823594852493852 0.06304335525625027 0
0.203943410334116 0.7226659609985484 1
0.30108584111400527 0.18703442687361682 0
0.9962702771711854 0.2301569696249477 1
0.07747998180367655 0.6650259591733441 1
0.36519171659581506 0.7969868471521928 1
0.09108433760920098 0.8608337112752563 1
0.7426277675631963 0.9770725963267466 0
0.21952877506697677 0.7283758917372429 1
0.02537599943337643 0.14762831661502906 0
0.907929000217747 0.8196784717661969 0
0.13942838394872126 0.8624065831453723 1
0.9039159467057704 0.26643621900849535 1
0.8736087581638862 0.6494314502512247 0
0.341860053465745 0.687933258296798 1
0.8410232116666321 0.7533257502302769 0
0.2741936388321542 0.9103124828452415 1
0.7756278102648951 0.15282109144898548 1
0.9109838808947247 0.060101493929256455 1
0.10701395404942049 0.21308759353037487 0
0.8852427969328847 0.9200554830065247 0
0.28990431339343903 0.8602766160610552 1
0.8719579757264483 0.9386650597185723 0
0.20125363405056318 0.6656537102484235 1
0.2606025568189274 0.8713782496868873 1
0.6033098846773713 0.36658806067520056 1
0.8029316955240869 0.1667013969803387 1
0.6455710441477434 0.8280217580532854 0
0.8988673567548238 0.30575452167665274 1
0.225287937044226 0.006841671936574811 0
0.9043778402577208 0.12075230215843491 1
0.09870707821214364 0.08228433205717811 0
0.7972198114219302 0.96789712888783 0
0.8560151083227404 0.3009844911141649 1
0.8195302670045221 0.9534442467472232 0
0.9526009845657675 0.11728564581044265 1
0.32796953846708377 0.9291378029286371 1
0.7625408365365518 0.19459899911453338 1
0.9925863461325171 0.018206305941864676 1
0.214550749965563 0.9871984020848233 1
0.8148371339084943 0.3794639424413975 1
0.27491647643912775 0.8580377508301887 1
0.04247703323287777 0.3319123673274662 0
0.8049072518668948 0.14478031624339738 1
0.17421417855565535 0.24223758210004653 0
0.8392378604103724 0.6990865699540808 0
0.23416674211162314 0.0888186828754044 0
0.18373059398062386 0.6681134525042328 1
0.8810944044606365 0.6730203217900032 0
0.3843252399661241 0.22584143340125729 0
0.11755396617818425 0.9058980968241873 1
0.335827332399396 0.3932936360944397 0
0.7191346295633082 0.3329578301342613 1
0.8135659560214896 0.12720454292748473 1
0.6393225337929168 0.7388780750062199 0
0.7374165423626822 0.07211981392772582 1
0.13700544423468786 0.800773338729246 1
0.8753233801057599 0.9516070306965808 0
0.8678820220146823 0.046833727419004156 1
0.7505669057995095 0.32759273192170657 1
0.665327863314076 0.6377974459467333 0
0.2593983106184924 0.989533811326098 1
0.3877451733713714 0.011582004637505805 0
0.1904974279415893 0.668843141092949 1
0.13984611196757835 0.27843653147277714 0
0.06822460058791557 0.9775585189086331 1
0.8302754387692578 0.1924430860643136 1
0.9887654143698394 0.08128684380120621 1
0.15514075348980694 0.8634743546199235 1
0.7688313617796501 0.6568868828596616 0
0.6736330665654439 0.606915233446713 0
0.850269093096477 0.0720386578380402 1
0.05802081023769934 0.7784953707359598 1
0.6400042290155492 0.014928955589670556 1
0.7035808517885633 0.29362959962436985 1
0.9425438359121431 0.011840970950552032 1
0.9501391102524807 0.13766385237824552 1
0.8015800020207966 0.8378853484588019 0
0.05910921766636379 0.2945260523851154 0
0.6086441072562747 0.9984231158845468 0
0.7322749624896819 0.2017511865153755 1
0.7319542872008195 0.6610432758635323 0
0.6916811771288062 0.8571289563150959 0
0.9627296859494855 0.2997744076394774 1
0.6413251781049397 0.6263495211906045 0
0.7430802112508377 0.24023767011627417 1
0.27087184994300784 0.36942444812908715 0
0.2280580618717809 0.996875192146382 1
0.31396052257984763 0.8342214662161708 1
0.8693670779075797 0.9691563128741009 0
0.7479202504228223 0.36446392387358906 1
0.03885819273803004 0.7321503164408264 1
0.0007263491258423516 0.07374788079906736 0
0.3226480075075081 0.9907473935620905 1
0.8089560433800528 0.30677532285571574 1
0.3853475815398816 0.1644862599791429 0
0.2308784385267949 0.9326867702383511 1
0.6524983405651821 0.8107685579143894 0
0.9551593789969489 0.36595667608497673 1
0.362777354353936 0.8787429983892093 1
0.9934879559993502 0.6975200626106925 0
0.29135513505039135 0.6758086363253932 1
0.012797026092252528 0.939515851479333 1
0.7868924933518184 0.689972904609334 0
0.6465368151379259 0.7460818303723855 0
0.08991365945524354 0.10461465872628017 0
0.848067985486411 0.12323838710934809 1
0.9894310753360971 0.7005654174930614 0
0.04440680928471574 0.9588852475447965 1
0.34675937429865733 0.020029555051327197 0
0.008161332367013885 0.24168946757066534 0
0.31423032978162313 0.1698496801354613 0
0.1732396363928227 0.6583280247298958 1
0.7033326158987955 0.13949726579268718 1
0.35602780160364667 0.6987196966993464 1
0.7743819169867489 0.38993007265471225 1
0.24417610022526437 0.30132049416769635 0
0.16280422901387726 0.6838915450112631 1
0.12396409254801832 0.24921002025121697 0
0.8782979861331928 0.1842367979387175 1
0.15069202377349333 0.19865917550903978 0
0.14652843474609945 0.06549456629605233 0
0.7247595358582806 0.026324144667075777 1
0.7285352898768755 0.2238031913905566 1
0.2183112885382037 0.3196888610038555 0
0.2532597097517384 0.6774416566440681 1
0.3452874381982436 0.7695139537127227 1
0.21750534999873405 0.8786778907665916 1
0.2826333923286197 0.27525636564600553 0
0.7873821324488838 0.3230327301414404 1
0.39724289870050655 0.3987230002044041 0
0.287937931086407 0.608733993523997 1
0.8665647296579703 0.3510718862435379 1
0.20315494666796952 0.09021032722577416 0
0.8098750082033388 0.8120812560725675 0
0.3137171666509502 0.9908017728834583 1
0.3512525531475955 0.8658575488884772 1
0.14936250821619446 0.9729679728147393 1
0.7229716433220518 0.6637946237351827 0
0.14481594040546997 0.24530847054077898 0
0.28464561909802455 0.6254327995261303 1
0.9954415381052815 0.8967321940194769 0
0.02720756654688139 0.2635156141801358 0
0.29643524319282466 0.7144860161238195 1
0.6123836399034355 0.34637269489214617 1
0.3752091587479257 0.006441269895998913 0
0.2282074718795808 0.870778340420248 1
0.8527679018811252 0.691858473187763 0
0.6794982325833565 0.09084494307752522 1
0.7011515106957418 0.6530553509558487 0
0.9836199113613221 0.7005165239996413 0
0.8062928421268669 0.7449032988978646 0
0.2281836251910797 0.07179188654334046 0
0.14916808433346307 0.06133984026721928 0
0.9073287824615978 0.3374884207663692 1
0.06601096451285537 0.2760946219719367 0
0.34319679898439026 0.754883143461463 1
0.8296509223663006 0.6138876786597991 0
0.2837327366201805 0.7605226207238638 1
0.6378557754041689 0.3287891643482642 1
0.9187085227058016 0.6003167930321595 0
0.8024802244425895 0.8798771727179943 0
0.7420971107061496 0.12103794760145326 1
0.13927976875725057 0.1817952700119787 0
0.3695796761257817 0.9923877799767826 1
0.2027932951812984 0.6477821225485065 1
0.7203729445440664 0.056568564998602966 1
0.6741436622693379 0.8357048819093078 0
0.8115146043192785 0.14548032702641533 1
0.21859146580898137 0.2535173140856527 0
0.19014613349498666 0.73811731534926 1
0.8983410208424512 0.8791843302677174 0
0.36619447440346786 0.3847764478407484 0
0.9275007963045023 0.9428114058950458 0
0.3636452512751567 0.7054176283030379 1
0.6393724807728544 0.03376907172740862 1
0.9357256577535704 0.37196234757565527 1
0.6324439218673079 0.9989046669374593 0
0.6900478374960295 0.9712311610300464 0
0.3176907226545882 0.20706350578518518 0
0.2526937762150371 0.8261043674797343 1
0.6435415562207297 0.7646535898554925 0
0.7302431107500998 0.8440735286913792 0
0.26573553412104256 0.7149922270663025 1
0.2523856970181201 0.13605503365763416 0
0.6899235525271916 0.6054540574096462 0
0.18478413578167108 0.054457611935011196 0
0.23605960342101517 0.9218978694199793 1
0.16090318285446326 0.8156286035971987 1
0.22913088124151282 0.15688687963323145 0
0.1386654586377798 0.369906483051866 0
0.04739188633984226 0.7014244483403285 1
0.015217994414279956 0.23475763475450828 0
0.8031594172961997 0.8661890278975412 0
0.3913015664910191 0.6128521492421048 1
0.692464240914884 0.31582154923217265 1
0.7778515584642105 0.7057240693379097 0
0.7789440823248546 0.9868063425544937 0
0.9854886328931503 0.24930016190644566 1
0.6333216609648706 0.968118114072771 0
0.381430348168442 0.6556975203955239 1
0.2119321397690458 0.6119796926275599 1
0.6386812328284837 0.8931531588645578 0
0.13477506693728003 0.12075609877876903 0
0.8881381529926475 0.9373258020427255 0
0.6235865348544932 0.13049935705571136 1
0.9681018152864119 0.9628764857973083 0
0.9332516668899293 0.14805829944973892 1
0.3835743711012266 0.34107469651963607 0
0.20642651689006986 0.3874276736328579 0
0.9313461230914878 0.2888795233401341 1
0.18109717629623945 0.1448152381338954 0
0.07806390220345671 0.731229482904685 1
0.3041132617851603 0.2584937218984654 0
0.08987683701776172 0.11502221453634176 0
0.17210410573515755 0.14937717625308522 0
0.904404294045955 0.03223860846024729 1
0.3128676877012808 0.08131904787124344 0
0.072531192600505 0.051270224352053306 0
0.984086086043932 0.7254593378923144 0
0.6990069807545733 0.6962131279674446 0
0.920275801968977 0.38891783518958645 1
0.8611257030722007 0.08509444559765444 1
0.737304203938112 0.1752117578787885 1
0.6506681035276094 0.38153677991553026 1
0.36760372683181164 0.9979256794103811 1
0.14630020282939693 0.6041549521391171 1
0.859416131958698 0.9242065957422002 0
0.7968310747238966 0.8970951285043943 0
0.3625380785586223 0.23720972684073116 0
0.7376915961088178 0.08418070647494913 1
0.7920570650711399 0.6789149992797259 0
0.055839361764793094 0.13800591122976325 0
0.12860506577159636 0.18198539487883325 0
0.7271230786968166 0.03928006077716928 1
0.6907260141233317 0.8300071130130522 0
0.3433760395000872 0.7690407829253919 1
0.7517982806670594 0.7955394200261093 0
0.9829976128105586 0.9837628665082038 0
0.7345308354017076 0.2494146881686341 1
0.2509668358660875 0.6776672897961041 1
0.2761657476791145 0.8029247546428725 1
0.3063612158075758 0.12710535350655638 0
0.07040289050838511 0.7011830808858948 1
0.9564118359681918 0.9391602801706892 0
0.009801319222394134 0.7173992954691395 1
0.6429252278601243 0.1650412420952767 1
0.8269175678393786 0.17009836894676134 1
0.02772212648891892 0.3916199672791677 0
0.13417145985936907 0.36965428801396494 0
0.7405740153945986 0.7740170445123542 0
0.9355304429300016 0.3283776323466582 1
0.9322156943079897 0.847080106288149 0
0.27963904900659564 0.9406060294828167 1
0.9718810599419235 0.22967482211253143 1
0.8699150994644237 0.3323167209246549 1
0.8281193488531919 0.871875133620446 0
0.7160874266469031 0.7379592283488979 0
0.8680345175622911 0.29547272790385104 1
0.37182812967410994 0.296726749218844 0
0.7850525772362169 0.627044751739208 0
0.7460204827388336 0.05335653768001458 1
0.2078524855403322 0.6794714733705782 1
0.08798163583473195 0.6038928383268886 1
0.8827651776596988 0.3624063331214449 1
0.13903907901831125 0.6183303879273798 1
0.8939770124358911 0.3638758623903825 1
0.006659492828443692 0.9086675094530009 1
0.9856635964969279 0.3791788019004406 1
0.6535307696925712 0.894750438640626 0
0.6889912100932017 0.261370968006405 1
0.345278534652261 0.6016170607486628 1
0.239330070850591 0.9622004621326318 1
0.08701886323897245 0.13536606254328987 0
0.7990974386543412 0.9092511960355384 0
0.8633585522927385 0.15078927100468287 1
0.061858425185752575 0.39586693516152016 0
0.008028714377516954 0.11194699458804569 0
0.3711193123806805 0.8076838113671452 1
0.031369011693053395 0.9829124551613927 1
0.8979633280442307 0.978546115369573 0
0.7844594460033174 0.808216564373959 0
0.9324879316770026 0.9206431872085581 0
0.2120341792041699 0.09058760909994112 0
0.7798710569695932 0.9119448958740927 0
0.21330033148002892 0.24716524136827145 0
0.07902999349325579 0.6106693838588029 1
0.009779366876481066 0.7007855954233477 1
0.11319441989364043 0.7912632368990791 1
0.9180799565550121 0.19687306227936696 1
0.12959932435475618 0.09312477648525508 0
0.9237927698919625 0.3672207119191284 1
0.6440650618003044 0.24873731773126329 1
0.7360433823055545 0.957085600627055 0
0.6903010503281057 0.16282303812127596 1
0.8801165955265994 0.22656708581060947 1
0.23834099110926354 0.29595860797738294 0
0.6691510725040306 0.6869813764257887 0
0.27630480265980717 0.9667605464315768 1
0.8763881105250976 0.8870002321484095 0
0.8028070313575641 0.8518891420965964 0
0.004553461589205332 0.09508018863404322 0
0.9441030045615574 0.00775285104297363 1
0.31950540194138444 0.7067819413324884 1
0.7764829547752045 0.7151128499374982 0
0.9075222163818587 0.8158873130875238 0
0.7784237690804686 0.8145515130781174 0
0.975072180112815 0.7811149894805213 0
0.6497632852369418 0.6131708456553637 0
0.9597281638115276 0.6021753748511742 0
0.06556419089882126 0.2688486487642552 0
0.9701375384512748 0.612111280174184 0
0.7773021337972502 0.04658318726546318 1
0.7724683439695218 0.3554465499167079 1
0.15599862931419406 0.7533910493053537 1
0.8196372439092275 0.3705630410903571 1
0.8062244204157689 0.6237236654951553 0
0.6344638814101705 0.720555081923828 0
0.17982579304603896 0.348366418277799 0
0.036436069325565534 0.07803067256477003 0
0.8246260578191171 0.6683567523806466 0
0.13506768476533704 0.11678210055883353 0
0.908898406334223 0.13368370263080664 1
0.07610748454859695 0.18348665953542287 0
0.19009291827067554 0.3549907649432936 0
0.14557369387168095 0.12366188146750512 0
0.1680874160103688 0.38258413656315904 0
0.2040893645800962 0.3621633294182851 0
0.7729252647456982 0.22417718012761023 1
0.8372184240088324 0.8104749075166984 0
0.28525014794646186 0.08107747906781715 0
0.18952894310162338 0.7083844296693493 1
0.3489310616436424 0.6571763324002685 1
0.751286520735675 0.9276181675288566 0
0.7416252218132648 0.05220661966390128 1
0.9443021337461105 0.2826609412009803 1
0.930749125095359 0.19209365835779058 1
0.11826247904535847 0.054872164332411266 0
0.613307109877116 0.20569765426526054 1
0.8574872850018276 0.6430392155463431 0
0.006686298574228311 0.6190032943685239 1
0.3831463346496339 0.3465875752071411 0
0.07260016695255178 0.672403186705768 1
0.700630065322538 0.3667783349543604 1
0.9872385482142924 0.9276775765303791 0
0.22346710702457628 0.9149822860076366 1
0.03787687797107453 0.9080838140438434 1
0.6894534196320039 0.8905447956222189 0
0.3865310952190514 0.8445324010702736 1
0.21089188012433557 0.09865140218899171 0
0.09560387919002244 0.8140578920497127 1
0.9637608415826441 0.940969303939574 0
0.9436724658926957 0.25632295215397605 1
0.09530193112696994 0.6681571600374752 1
0.8138623825448917 0.8628070915034235 0
0.7035049857470685 0.851861137879964 0
0.9687531563790062 0.9116162694916887 0
0.8629911353581147 0.8905147535805663 0
0.8875639157278851 0.8914479996442521 0
0.3641011159326265 0.052864004556309574 0
0.7183688040186939 0.6875780279372405 0
0.2761204847807013 0.024488093250761955 0
0.8394193944001735 0.3530924521819163 1
0.9759613669705388 0.30325731756526586 1
0.13200803461445276 0.34160711416292444 0
0.7164422980026178 0.3716558582854931 1
0.9652979261951755 0.8587487992162902 0
0.06804559631692975 0.914839309279498 1
0.9281680497569644 0.38479051220830474 1
0.9969291706480614 0.2906482583739287 1
0.9196443906465689 0.6517758341441882 0
0.6598986321728578 0.9884833804913693 0
0.73319934731861 0.02891740224706174 1
0.2532669674352175 0.9779693119839151 1
0.235000696418443 0.9149697877145208 1
0.15201120357726072 0.27805748128667196 0
0.34487964148488814 0.9612126547919232 1
0.7917657458917762 0.34517954920309124 1
0.8192731528144638 0.7108859738962032 0
0.34736411272581824 0.9883845072118993 1
0.11218254478971812 0.8331312964709484 1
0.14583134878826443 0.8531176178137884 1
0.111738769181144 0.9088532511744549 1
0.03286396419417048 0.759329767571028 1
0.7662672804361814 0.7706683780187433 0
0.9396075983560102 0.1263573062427129 1
0.16905657734579038 0.0822219131935622 0
0.39366195957637806 0.9474800345418041 1
0.7140216877693831 0.7641148057183202 0
0.8550750216523061 0.7452140337577355 0
0.2976285932375138 0.03484447951325842 0
0.05427687115718294 0.9738459703040853 1
0.1653223753975429 0.1234153314034715 0
0.0833931708110528 0.986079079896188 1
0.14768361122079543 0.9737021118379509 1
0.3646447307981455 0.7686878695165162 1
0.3473256570382611 0.8335767627317203 1
0.3700803852423403 0.0904514464058429 0
0.8885663595151403 0.9200127481380816 0
0.08402999558751545 0.7190532120657347 1
0.04632727449561069 0.8929860918386149 1
0.16574925480877645 0.19143606848712036 0
0.8890390711713472 0.9018308643752382 0
0.3323817055222541 0.1936496858892881 0
0.707717939303687 0.357618788008504 1
0.2647672847688042 0.36838717001318966 0
0.7323093691400965 0.9947023885591568 0
0.894415129504066 0.9370731749140754 0
0.792492222400347 0.050248799701658964 1
0.9559730635337206 0.7669624097064148 0
0.8576542954899044 0.6834045765274664 0
0.3373439417916668 0.906390636723486 1
0.7506957205672905 0.3789253218044176 1
0.6010936963811073 0.8093859265643604 0
0.3334956287369274 0.3413433639046175 0
0.23662127703089053 0.21892063633992753 0
0.12027017442882737 0.7134676576506654 1
0.8991594237899146 0.053020520197326726 1
0.007577075221376739 0.13247517581618995 0
0.3040558475425067 0.7447643006276851 1
0.38759831030181235 0.8239703372991111 1
0.8975539654377046 0.28196379750382505 1
0.6564117538197858 0.34546141307530287 1
0.2814410577554831 0.1366439823382415 0
0.8448130712264131 0.3883394973949251 1
0.29426738079219206 0.6641932753649026 1
0.6015817971187954 0.8497159744649739 0
0.9763740536488447 0.9803586757547182 0
0.9525182001498013 0.668920243834875 0
0.7881004586358696 0.04430493286092263 1
0.9672276404281597 0.04692390933343571 1
0.9289181572066665 0.07944515025795196 1
0.21298896945911705 0.8237018618805445 1
0.3699551728181316 0.36884893726208534 0
0.15099145792145452 0.36862654556764374 0
0.8859030568236127 0.2885076209503561 1
0.752738016959891 0.07152866017260573 1
0.6613136050151504 0.8801327766537173 0
0.6017685601636455 0.9166251092894818 0
0.8476501221463745 0.9113731778583366 0
0.6226774197204497 0.36108845774420084 1
0.11746270930937508 0.3476792547034646 0
0.8955589635441243 0.6600358311047766 0
0.671455100027235 0.8688264374161688 0
0.37276824708192635 0.08031504955031987 0
0.8676161606312971 0.7736490270907228 0
0.8516882252358283 0.05975938735921382 1
0.17356765809306374 0.36193462673914245 0
0.7846205614724303 0.009275305319611848 1
0.8057715558272132 0.7996507499630404 0
0.6264046247475854 0.9650394334857156 0
0.27742780785255095 0.11906842692198205 0
0.3277849742615251 0.9337028264309587 1
0.7805008754747075 0.6444738804530075 0
0.6231002306202208 0.701175474713997 0
0.27771264106604165 0.28438697883155917 0
0.6987214114730157 0.29109050831805994 1
0.7021447640628582 0.77829778803703 0
0.35396752678708054 0.764630774463887 1
0.6235560865400378 0.705329338405375 0
0.9389901546584429 0.10144554971119801 1
0.7570918387215576 0.21899921479421092 1
0.31203320801759393 0.8822681483469086 1
0.9560428341918009 0.06522369578794607 1
0.05827350736086678 0.10183041046215224 0
0.3065854635850277 0.8118120162684489 1
0.9446082794976067 0.8885148971130944 0
0.9740856474580055 0.8272752590779104 0
0.9820812389742726 0.8627724556244101 0
0.797209056056562 0.0147271613879848 1
0.3544777857054947 0.3841071376315789 0
0.04909977334555249 0.07052056121591099 0
0.8005618179139012 0.2039466534903247 1
0.7617547271534869 0.23535558251655342 1
0.06413451581212448 0.8094926330079356 1
0.28998210773445043 0.7952017011832897 1
0.8893378068797504 0.7692882696488557 0
0.006132776503188886 0.8776048587207385 1
0.3618224907698754 0.25240789880993386 0
0.8199853379990347 0.677175894522666 0
0.848374169344542 0.9788533556565466 0
0.9897911078350285 0.06869175371314296 1
0.839563680111729 0.7054768560630987 0
0.11460107748177484 0.1565866522054219 0
0.005433915015271684 0.18956241090215298 0
0.35220327863029965 0.1388660044300125 0
0.08667668505956361 0.814074655863136 1
0.7709893032211101 0.7958343351391342 0
0.6632644461258235 0.8627667507904465 0
0.6345489256518665 0.8112995389546912 0
0.20114272710777115 0.8273106921157962 1
0.2829163897880652 0.1629855278924316 0
0.6780216159434698 0.16792923015694705 1
0.818895683529906 0.10352822869773526 1
0.1409583875144722 0.7490318870684815 1
0.39270944938671515 0.9019811294490622 1
0.9298339289790885 0.9500327622986509 0
0.740849283548436 0.3996394495908796 1
0.022018675873580973 0.9027274301896873 1
0.2365749094784867 0.18713094731028468 0
0.9890896384163543 0.621579695940156 0
0.9210915697149058 0.14243670466717795 1
0.026185667986048378 0.65247736579422 1
0.7776170148661118 0.7891547909884903 0
0.6822388388222509 0.2812488002099873 1
0.32300827809613764 0.8838225204353769 1
0.7803574527725531 0.2812967359814097 1
0.30412836189776227 0.7938744029871525 1
0.808363579295857 0.19095954459357134 1
0.879358044042867 0.9185124765747539 0
0.061235353538235726 0.6314633438074965 1
0.8704998412351881 0.6211899756927522 0
0.9929552538417783 0.09808565227170485 1
0.28957828564188126 0.9198195135955765 1
0.6908497154303145 0.07721361915711289 1
0.17153604944237089 0.11275178519230233 0
0.8568360615310083 0.6658441066303461 0
0.7858472975018785 0.19729575911121 1
0.6489430945480441 0.9728014697873733 0
0.3463394052101548 0.6753804573673391 1
0.9156550632168885 0.843478964715463 0
0.06374716195898655 0.3229602968073537 0
0.9775559211468664 0.3658744990127346 1
0.914538513332431 0.05500176428602199 1
0.032038982980214015 0.8980909147159521 1
0.3050130122613156 0.2771598332302132 0
0.08291691371082588 0.04878269654663614 0
0.22576700990167897 0.1128866470121409 0
0.10865445708979737 0.8999355474680957 1
0.8705687679626751 0.8105561695509617 0
0.7524037656084802 0.9474055952593354 0
0.7124112588906553 0.8033275965116972 0
0.06941209280863747 0.8303564708325564 1
0.7853518836685149 0.692266983911402 0
0.09446958366529379 0.9508457623850066 1
0.07868843365150735 0.10988189946647853 0
0.9450572900747363 0.0007936096942506854 1
0.9921895558576339 0.3317441702353541 1
0.8807378109092094 0.8937628965163342 0
0.11079669999385489 0.9691951184455448 1
0.08494238279542132 0.39209905668411993 0
0.9865086058672344 0.048655050934514166 1
0.07643320949956467 0.6927813566883692 1
0.2979133336203984 0.23731133774767466 0
0.18139355215898356 0.7193557366143767 1
0.7862264875664142 0.08821360455813754 1
0.907773303802988 0.3317800395568826 1
0.7909815893881522 0.970693221528302 0
0.6946866289105854 0.22915332331597027 1
0.16900152188346196 0.706131045511685 1
0.8911685663192929 0.2638707273994497 1
0.25491957079732375 0.07693832125033806 0
0.9694168002272883 0.717592156661101 0
0.02403257483527721 0.29161605604986196 0
0.2512604667584384 0.01579250707183133 0
0.12416953653914153 0.9697582781763131 1
0.007577059643238182 0.850028295685007 1
0.053191021044361575 0.3100959683707102 0
0.23983538993531728 0.986306955186033 1
0.35164907519896926 0.24457977356379135 0
0.6389254173145283 0.24951276441924297 1
0.0810373285643341 0.960671626402059 1
0.9710396717540641 0.9840790488063333 0
0.14920995309836282 0.13771282651490002 0
0.0528096347589061 0.3783742572994503 0
0.8156768102769556 0.8702380753900864 0
0.37412517670759404 0.2193834059092763 0
0.31452137738899644 0.38427463491091995 0
0.2643346094849426 0.8333497474820044 1
0.35902570470911255 0.3987065525722001 0
0.23943812613677307 0.04385976505926703 0
0.31286949644156004 0.24240853322581812 0
0.02026105050491278 0.00832694006978163 0
0.7372543957803209 0.8381879459086695 0
0.32226871153126524 0.7288380295234161 1
0.19671925503582144 0.06324658141804052 0
0.6825327097036705 0.0418674476328168 1
0.8900642983146436 0.6782868105663202 0
0.0688889826170348 0.7816666108878961 1
0.6640998554005422 0.8488860027570072 0
0.33360355374745787 0.6086426844547048 1
0.6040474228571917 0.9188579679648766 0
0.9319462042451004 0.39340331681756635 1
0.3011240908229297 0.34068815570994504 0
0.9033980360203296 0.2956828940823444 1
0.18930249580595637 0.03951057765751642 0
0.8196800886050231 0.3198694615158105 1
0.14227846516199028 0.9969494397083379 1
0.20068194475485812 0.6507307851245728 1
0.9167491634611814 0.21853471634703903 1
0.8919432019558201 0.7668458270425176 0
0.7051135841565364 0.2650015871399314 1
0.09795294755984418 0.22761558381871094 0
0.3213909083756187 0.9309937727150669 1
0.7041462913451362 0.38976584130927494 1
0.04531686188393258 0.8085273482977763 1
0.8773010141995772 0.6670449620894422 0
0.059487809659305446 0.18246954091654022 0
0.7520651180051974 0.6830248498766466 0
0.1617091845873223 0.32299811360685593 0
0.10758126653665068 0.7641716430343459 1
0.9526730951186848 0.01128045430105662 1
0.9896222674717741 0.9248658337990158 0
0.14767155964818124 0.8034126011858226 1
0.08144231369418642 0.6941739854781712 1
0.6994950621967361 0.3447813703778244 1
0.37457501803680837 0.9600871789993887 1
0.875745133677719 0.6959637445551751 0
0.16449602762674487 0.6035556265559899 1
0.3504451035903121 0.8425000685322462 1
0.3738025090059598 0.9008132563655779 1
0.8988968301031625 0.7789342068405507 0
0.04055288811142521 0.7083965014161077 1
0.31820638239196275 0.7042034026550176 1
0.6190281442692379 0.8394428744001042 0
0.9747100442432384 0.3797401429506384 1
0.7547769747934421 0.08396202661260566 1
0.13210093124308453 0.8113195210451563 1
0.6060479938646833 0.36763791424714287 1
0.019311519897901586 0.11291373307248576 0
0.6989360615834534 0.17061839876180573 1
0.8481626784412111 0.1558870522396093 1
0.7202199849785392 0.34129330329977603 1
0.1411107724737123 0.6246994484801625 1
0.8016690824530864 0.19552170248847678 1
0.8659529300347298 0.7118984128681167 0
0.7237524982096791 0.767702455916126 0
0.3750379782655402 0.2480158224430764 0
0.34674708911339247 0.10436032706331066 0
0.007662786895973883 0.01938036848377067 0
0.9897861047555444 0.07528815763227825 1
0.15786409289473524 0.7050754826388965 1
0.18404798949562773 0.9094812171503995 1
0.17423680590976198 0.23577164820890806 0
0.39051468606269035 0.27018386971159103 0
0.9868258466558195 0.33248605356098315 1
0.6512335487602026 0.12639436026571882 1
0.6419327360934556 0.245691162997707 1
0.7331497708219084 0.730385258325183 0
0.18678842460310818 0.9367849336614331 1
0.3276944759200462 0.603748743507469 1
0.705346932828583 0.3022980223996359 1
0.2106466860409446 0.8014210678634436 1
0.8831414257313185 0.7687145038330615 0
0.7087685672357588 0.75796184548649 0
0.7886295628542059 0.38479751339514645 1
0.7594683082997684 0.9236830766575929 0
0.12728591602508077 0.8591516699816274 1
0.0563912183232147 0.3723494793984087 0
0.27453802512564873 0.8090019159648575 1
0.9701469673473385 0.12840844704513332 1
0.07419232652713226 0.8725600708795593 1
0.899095274826646 0.6147491012903497 0
0.6116217460229169 0.34382487924469674 1
0.14324685861965025 0.30108729663054545 0
0.623373014993619 0.7864697426943471 0
0.3297198417856233 0.6760150978505897 1
0.6897929476856761 0.3225574765199377 1
0.853856886785009 0.03950813362839922 1
0.7227775136262498 0.9428346613431201 0
0.36725059127998827 0.9000412537184833 1
0.13893902591503882 0.30968061969192606 0
0.6816294371898702 0.9489948582486181 0
0.17822548669134597 0.09648747755455611 0
0.02546505711039626 0.7366996183951344 1
0.6223787933878429 0.3170594018549685 1
0.22964126547204688 0.9096821290994266 1
0.039146438245683424 0.38377154127853175 0
0.7223715641970085 0.90594340054773 0
0.7317157471809033 0.3240934663063858 1
0.022045833482157273 0.6311341964766285 1
0.7987577230405802 0.19144612666662675 1
0.17538353991777733 0.8149048847821614 1
0.13092072317050651 0.03165649193696762 0
0.03245163868763401 0.027549714533360525 0
0.13205246378883806 0.7255518971672789 1
0.3002482393764717 0.761904420893793 1
0.05880920114687005 0.7158903390956217 1
0.05884810603318902 0.1841811190668079 0
0.989097999990563 0.10060505738592707 1
0.27860486623496994 0.6195291226119202 1
0.6038877198393328 0.7651215195362653 0
0.7510020770799525 0.051569358138956134 1
0.28458007751568515 0.8945986458642674 1
0.37763485423092924 0.9999846337809128 1
0.8004476330597355 0.8917558788639172 0
0.12386341001654477 0.3030241157768978 0
0.7431852131636901 0.22947417254515046 1
0.701969439805235 0.35207925174571775 1
0.8612056990337296 0.8266527017805144 0
0.36285596551471655 0.8542086873960889 1
0.1288519395956339 0.3169086160256007 0
0.2594360270370867 0.9958268397927086 1
0.6709787666067111 0.14292726120734212 1
0.8689687109097909 0.29658533011012134 1
0.19729095882262393 0.33514126381836884 0
0.2645702989843658 0.1592315710536355 0
0.18018329479034934 0.903500928332014 1
0.22078986054882166 0.9095694101663533 1
0.9563533582396144 0.27173543911121323 1
0.7334473410358195 0.7329180174476385 0
0.07432966198368951 0.7000883856234661 1
0.01980430115037979 0.17075466648396154 0
0.037979510722311094 0.7240053246512087 1
0.390674563749829 0.820624514456533 1
0.16930587307505762 0.7800493151522438 1
0.705949934658477 0.7647930252954542 0
0.951657242925352 0.6810919211665882 0
0.193379172170286 0.28167695620324806 0
0.3074420766037079 0.8730577486581863 1
0.3396182353945443 0.04627760441133022 0
0.9540580673522835 0.3901258592531889 1
0.8756139074893757 0.6268079307863935 0
0.9736336581178566 0.9652209983242795 0
0.6570318811207146 0.8489923259490776 0
0.26691016970336856 0.609128970289756 1
0.12008316365735427 0.3279908186826447 0
0.896509643832096 0.7985937295497303 0
0.2957383317783753 0.7596827566396326 1
0.7949976084670153 0.7165135115433411 0
0.7458255324096734 0.1975604351913436 1
0.35821118416618847 0.789448063946334 1
0.7448589989723375 0.0879533705430936 1
0.8984598971125518 0.9889158217438714 0
0.3377041056297375 0.18904068160104648 0
0.20468766524843773 0.8557408305742784 1
0.6426364876607659 0.8580683394649767 0
0.6339363486207729 0.1678620944749175 1
0.9282813327822481 0.8981897168641817 0
0.387353317072625 0.3914557295756237 0
0.2357180315423113 0.7164326284944388 1
0.00025712804075794793 0.3288016526031904 0
0.8861410516806855 0.6334515870568805 0
0.056975219692039114 0.9021417879526382 1
0.97039853207125 0.7230525126400509 0
0.7715678134206744 0.34302693563574027 1
0.9571287623739002 0.8060292147757976 0
0.16419858182960334 0.8881376499795336 1
0.26541940344654946 0.25367623016504803 0
0.029108796780912494 0.014122172910577158 0
0.6969683492982546 0.22468538628551338 1
0.23564113931015906 0.6167751026745342 1
0.34181451582836786 0.9619746505918257 1
0.6755945553907725 0.08441605505978667 1
0.9902121503049752 0.3485713715317754 1
0.35624064655370724 0.6021807512115568 1
0.03171643083425024 0.329930015928974 0
0.7127776915120067 0.2970411141983176 1
0.6810220122022875 0.8878328589206667 0
0.8459032125685273 0.22833958455498837 1
0.6968957595781969 0.9684199103352575 0
0.984985657203134 0.9229335009589215 0
0.9087784224767964 0.031071472392991017 1
0.950419512434774 0.6744437829141713 0
0.9234594157715782 0.18349999544676732 1
0.9264516630351254 0.8052473873659236 0
0.8428937549664403 0.2700386240340872 1
0.8691745337408623 0.026783816441275032 1
0.12984016497743844 0.22890823409122596 0
0.324005294461177 0.15334051006145732 0
0.1789626580723459 0.9050361786550352 1
0.7722081700318811 0.7554705334330863 0
0.003840529093924183 0.8622051250083513 1
0.1830477070922769 0.7342844329142677 1
0.9528725993019468 0.7997165390669695 0
0.23910645910611295 0.727941850892518 1
0.6957812523535617 0.7018106787472514 0
0.12459844117873742 0.02438886214117253 0
0.9135782702440388 0.6509764920995673 0
0.635130951230423 0.9106565819909661 0
0.15709923884354915 0.3210465527956289 0
0.0023187746475378246 0.19338070278991726 0
0.35114133994958285 0.984597376081641 1
0.8445581694077182 0.09472299630734704 1
0.19108125357968153 0.06686900560065723 0
0.615555395239719 0.37296160879431073 1
0.6339582044225007 0.8688261371278294 0
0.25445025921795106 0.8085674810689429 1
0.25842445824720894 0.8466821263939046 1
0.3688833830803705 0.14870579993850597 0
0.3345399433380707 0.39484374644342757 0
0.8306976512795966 0.2833888318196164 1
0.9608016739089119 0.7345464153665698 0
0.9990184649818528 0.9880697162678994 0
0.6381445928971742 0.17030383814690386 1
0.9502785117866278 0.3560805085016302 1
0.6924170798504836 0.7838985216392348 0
0.346552833417585 0.24960275285005074 0
0.210390277733412 0.049244754477917096 0
0.7461272379928137 0.2709440375237444 1
0.208316895137306 0.20450838865117038 0
0.8938798307345177 0.23231665519590072 1
0.08819114066498002 0.1428789300227612 0
0.6540538224016293 0.6940568051012198 0
0.2645553977251721 0.34812224411161163 0
0.01907590900571121 0.8761297084393983 1
0.07595251739158437 0.7201013426889102 1
0.2243035836128774 0.12422458340621068 0
0.8836397338145862 0.9454881023063871 0
0.12809400329737486 0.7201949764994281 1
0.7810865925891727 0.26223990730612223 1
0.9187078751508249 0.2096953424882817 1
0.34936391500128017 0.11882040593087373 0
0.1587282973844656 0.9129444830719643 1
0.09089936385354103 0.8363126772571003 1
0.6818796564140713 0.1630528196858737 1
0.7452349581453043 0.1468847804776099 1
0.2806870388074971 0.3172009794750349 0
0.31193427037507326 0.6737275023260015 1
0.9141413678111913 0.1887220119254165 1
0.7360462680096 0.7581191927583417 0
0.12571866495983774 0.9438242306422201 1
0.13642825532582437 0.7901229813753846 1
0.8796243781143317 0.24132693127667315 1
0.2474451127776095 0.09060707268803092 0
0.26200549738518586 0.974769447182792 1
0.39136900957230103 0.7527403237939924 1
0.9761053833556806 0.15499820200535874 1
0.7707839453467272 0.14026500364375394 1
0.8155804789744232 0.22454568920510498 1
0.8024490703895657 0.15239636458086125 1
0.9192283107055281 0.8854850625888174 0
0.23926148685383886 0.7794884224849261 1
0.6865253786879376 0.6123908774236028 0
0.2772762580009571 0.31870682159823327 0
0.7832275613216865 0.8734401454136812 0
0.16599662240568236 0.9710643818102842 1
0.2646677158610279 0.0881656189979374 0
0.0730275487610853 0.3098183605884013 0
0.04966253544729704 0.8788700617369676 1
0.1473105141809845 0.16239388187229087 0
0.7757048759378269 0.7340448523774812 0
0.04404482828009293 0.6451333292172529 1
0.6132241629757038 0.269013328590913 1
0.14488127843116982 0.19127488952290372 0
0.18130700576262326 0.34735484596767496 0
0.6477067284249444 0.27054967832702814 1
0.6486844788197109 0.007889660135554255 1
0.7723102307388809 0.968568829437266 0
0.7299300610417989 0.38691408775627023 1
0.6101038014678514 0.8648456762028 0
0.04937522327209176 0.9029772845661089 1
0.8569315166747913 0.14783870621021689 1
0.6367066625830962 0.6221252062376142 0
0.6947314155322063 0.6738977015659172 0
0.043484494582707756 0.38232017977423016 0
0.03522688253130746 0.2835243857289338 0
0.7548964839899106 0.26764541450290147 1
0.6059451348110925 0.048537350888287256 1
0.05488995502848093 0.6224634949264927 1
0.9573695621581433 0.9199445004020421 0
0.9273696636899386 0.968404834622822 0
0.28680933854015733 0.8123894282250693 1
0.93352082499991 0.020244725286195586 1
0.659924812686144 0.6322172292278188 0
0.3620393691063506 0.7509133522693262 1
0.38944252886242603 0.3493371838356041 0
0.29538876512952505 0.1937196438988441 0
0.6447533427181172 0.09283027930823873 1
0.8234666093219084 0.03570593259370758 1
0.9088057385854726 0.9287347301899835 0
0.8135125560018596 0.7459596756394689 0
0.3951906397257807 0.8065107624722943 1
0.6110557118121147 0.2781481791465753 1
0.965039038171484 0.1112117265016559 1
0.21443320090106588 0.01850610390303753 0
0.7018060504795932 0.0748389087908985 1
0.004999958740009358 0.19725615892319937 0
0.9169654626535051 0.8686291094760097 0
0.7563611653422839 0.947812958822565 0
0.798761123348346 0.2679597438930902 1
0.14051091142301653 0.06466593724870606 0
0.6372371655076945 0.9308262047882496 0
0.7356056842760432 0.09511638184068305 1
0.26515454095403224 0.682348180483132 1
0.35394306489956195 0.8272776378920504 1
0.7021670956334275 0.6428891400920672 0
0.33720445215133155 0.8544069336444214 1
0.39482754374680984 0.300303205257446 0
0.9788525399682528 0.9647595575383684 0
0.050933706149067226 0.8330175323898523 1
0.6136292114829909 0.7263680710424498 0
0.8999428277220792 0.6914493229449895 0
0.7626044164657723 0.9573450884142168 0
0.8092362252718894 0.3605302192557386 1
0.7071184213093195 0.8055609329739284 0
0.03460125236578271 0.002234305963388028 0
0.6005495000749758 0.3413955148443475 1
0.8225635120357015 0.1824201035118782 1
0.874564020077678 0.8555986709883685 0
0.7093106278486762 0.677345590487978 0
0.6559092420020911 0.19224848753056734 1
0.8708919176265798 0.2180269086858042 1
0.918403538187673 0.37110857813092635 1
0.03944857342832342 0.17045782119874653 0
0.8490308912696883 0.24123193262615872 1
0.7633686722575557 0.6777673638123319 0
0.8715666175021406 0.11796642749075248 1
0.8898368736757103 0.6983389245514555 0
0.8134234165134403 0.7579419511265045 0
0.2711145998326292 0.8750061141995902 1
0.006831319528745383 0.37980359879609793 0
0.6901306356719986 0.21635643546400163 1
0.07636714086301144 0.9249718818221451 1
0.2568287015531838 0.831936119929182 1
0.7080992871875115 0.25712737071855396 1
0.2801206369149978 0.8875035639129797 1
0.8239909664241614 0.9687523394937243 0
0.9122054077713405 0.1139515416164203 1
0.060687713178784186 0.19760813232732455 0
0.12136494908830109 0.7741114671093813 1
0.26244686901876635 0.13312614098467124 0
0.6140872212704269 0.7514477506417516 0
0.2019566090606718 0.15481545634683347 0
0.7248409785962413 0.33279952185190564 1
0.8339666345439377 0.7971427439740376 0
0.9770659756800445 0.7642632358400393 0
0.6342791963750414 0.2814957225863107 1
0.7983538172386796 0.9512081980564965 0
0.8330722096076617 0.6565350085648465 0
0.8387877562722613 0.3736678897681802 1
0.6418801588463516 0.344582568777939 1
0.6323791520680988 0.2503309004082621 1
0.09315487683401746 0.31845832938741137 0
0.28995583017426185 0.2573576665922934 0
0.9266472171619574 0.03390893923738758 1
0.9696562473514595 0.8133126392659177 0
0.19121043815443917 0.1467899237888325 0
0.1412024668217533 0.29665088238486337 0
0.9248272722316934 0.23441401657578453 1
0.0838202014998477 0.1531738999071276 0
0.33282984029311546 0.8695313051421923 1
0.37969731905142523 0.027239979365013656 0
0.8085444583408815 0.8517819150968826 0
0.08040182535685014 0.9470766326287472 1
0.39850886463571633 0.8931983025930961 1
0.010384319682277043 0.7355769765024868 1
0.04178313538629819 0.13889686330975004 0
0.8496380418921945 0.897282185403145 0
0.8613772393826629 0.15600207874159422 1
0.6048225145269042 0.01056686882453095 1
0.14138548019436492 0.8076967906329123 1
0.26388702570263556 0.20888055903962188 0
0.9905922831415481 0.20671449347448934 1
0.9282640077697392 0.7040120911766913 0
0.33851486163549027 0.06971823396880794 0
0.3979684151298678 0.3687218526683683 0
0.76768639326359 0.30708263760806076 1
0.040631750474811046 0.3317001299636755 0
0.2330335661134224 0.3135894511917189 0
0.1937116798646723 0.1826455928444224 0
0.29277652101583296 0.6570343862147398 1
0.0709091114818532 0.6511786674712051 1
0.3201680738837388 0.056453305190369285 0
0.12482210429187202 0.11062491422548404 0
0.7035200192194719 0.6250448850073717 0
0.9870625764801062 0.8511395681251842 0
0.07062823979058375 0.9166150366361231 1
0.9946320849827112 0.9832848699469711 0
0.3237371708620975 0.8114037708849411 1
0.35437023301455106 0.3133372629939636 0
0.7724379383340562 0.6642706494573802 0
0.1527576302872946 0.16823912198402258 0
0.15434138751198556 0.9079680731516413 1
0.05698551639696725 0.7858575880820406 1
0.012060005564302534 0.9814638365128688 1
0.9983402219889391 0.7894150440968721 0
0.39788191559704533 0.03475906408064222 0
0.03262980509972202 0.6308449710309858 1
0.27191850036554077 0.929939344941358 1
0.09816916473518134 0.7230003678838077 1
0.3595407016169516 0.04585495110898408 0
0.3951582676806066 0.6424920429875479 1
0.19970692449015714 0.8781796524550737 1
0.7373409313341878 0.1834222758156876 1
0.746538108230523 0.6497922672301324 0
0.9002210142946957 0.6270984377443248 0
0.28991516673772055 0.7698841534471611 1
0.9758147586753075 0.8124699745690145 0
0.87385813767411 0.6925095371869504 0
0.2551527131194794 0.25535953713488146 0
0.6510590934319206 0.8290781229043815 0
0.9508430754735026 0.8549483337717046 0
0.961269340567817 0.9770386889877175 0
0.3886944677003138 0.16304567645633217 0
0.8496358283457619 0.8246208022682983 0
0.04494421250633984 0.858571429716064 1
0.8624219401703173 0.9686750692392664 0
0.7911180765395702 0.9735293562871953 0
0.873165107395152 0.2425260553027634 1
0.2676563295239166 0.042318301556584115 0
0.06576569489759243 0.17805243701564388 0
0.04388815526629797 0.8294407071194042 1
0.7768469153760805 0.13184041823468884 1
0.14201557011093202 0.6038617495600396 1
0.9494595181552284 0.690077992967191 0
0.7814121262174688 0.9788774886772151 0
0.9772968157774066 0.9015097146240009 0
0.9404960394635182 0.11923498375310104 1
0.6260586314959513 0.6136275439171157 0
0.05311199773905495 0.9613741565103365 1
0.055169145783039775 0.27858315544859025 0
0.8439318307328766 0.8950740569874432 0
0.3248300605931578 0.7052823036659069 1
0.9650591555246476 0.13482226901868488 1
0.1934200829490208 0.2927417420315307 0
0.30697159988825606 0.7821384495398221 1
0.7633147382633219 0.03752349477845962 1
0.6815962697773783 0.29846015171897533 1
0.31132385645856153 0.6721751958638504 1
0.23407128805444566 0.19953288233573052 0
0.39315452607537227 0.026976340406790533 0
0.22285030441094944 0.7088127174979978 1
0.7151240526817365 0.6174269390641232 0
0.37782530052444374 0.10405788853526532 0
0.24986580624235488 0.9747066940594344 1
0.8094970818514946 0.9440560478677678 0
0.9000370350236901 0.2580801426082291 1
0.8410755255278025 0.31981110884962727 1
0.8760933872792553 0.7572563252116825 0
0.8516774163451865 0.6171049121082403 0
0.13686363640890353 0.012569693136764926 0
0.8173712604818489 0.7466906164219151 0
0.821322473378058 0.6898801627594844 0
0.07537486253386305 0.3366003459472381 0
0.9526951767679249 0.38040820088053573 1
0.7173843392363877 0.765812472558906 0
0.6607034922475712 0.9365078331901749 0
0.13293553797150914 0.9222364624350752 1
0.0789597802950498 0.2703715558140082 0
0.01325427103524035 0.9235696461257962 1
0.9309635045105455 0.8745896379904797 0
0.2395999840866716 0.09342173135237575 0
0.6544280954896348 0.8384440948947145 0
0.1538862347151222 0.9925530658066342 1
0.7494119206021211 0.24907598207790493 1
0.7638529703553133 0.6596547940731163 0
0.18412292065733593 0.9570681194712127 1
0.6871399981708395 0.6008888120352269 0
0.01148870584189754 0.6215376959824577 1
0.01701618394997373 0.06713191321855183 0
0.6734734966824742 0.15050730452790728 1
0.18097554725182285 0.9714977008402339 1
0.7919394322274644 0.8180222022104406 0
0.23206809088386826 0.08898697534367539 0
0.26017713027810896 0.876157389409264 1
0.3554426290178332 0.23349446741561053 0
0.8189760843900339 0.7941239021719231 0
0.7165783381441916 0.13513797685806272 1
0.997799044521681 0.650413616387433 0
0.12656004061332837 0.6181998467899362 1
0.3236579134055947 0.7657247770810873 1
0.866492313663466 0.6663517545378812 0
0.36434729947017297 0.8156403111344002 1
0.3983918411721593 0.2695300464494965 0
0.25840141941590256 0.8305967664915861 1
0.03714999829625587 0.7223020562367031 1
0.881692169473112 0.2923292407873196 1
0.12239187354513159 0.1532301951184406 0
0.8742452211573369 0.7520970326487666 0
0.621051054195511 0.15842392101196712 1
0.3432648285621688 0.3433269780259426 0
0.06790612680022179 0.6829330368023037 1
0.08413451821554163 0.039824538089183625 0
0.7698193174526966 0.7858966235355642 0
0.100774303133631 0.22472061911406493 0
0.8599527281250239 0.7315134185335191 0
0.021586620059597883 0.9419833891802437 1
0.6137969495539491 0.7327766299315029 0
0.6016570259321048 0.6821792987514013 0
0.12540532211166866 0.8685153979292639 1
0.23657472724586426 0.8948278608701876 1
0.3432745889616122 0.8893982416357631 1
0.18694280480800052 0.29414170672222284 0
0.9618135526861897 0.9492718768749179 0
0.9666372215604427 0.9983665017807287 0
0.3415467377232345 0.7820550553532394 1
0.2731060050970331 0.7003529949594958 1
0.30792732754495467 0.3513330533411191 0
0.30812543225398525 0.7834343462296236 1
0.9432479984239557 0.32276890220931176 1
0.8609612196116859 0.9332661922195792 0
0.7171100984350335 0.07639274155759124 1
0.3744701970405315 0.18973233873059958 0
0.05282852053619924 0.9710332070428467 1
0.8907360817990978 0.7690121946787389 0
0.8895312092172181 0.1818507390177878 1
0.6936341283398344 0.7958102409407988 0
0.9255837420037997 0.35869891311131397 1
0.8864391758642922 0.9850876073845771 0
0.6917456183391001 0.8932266898878486 0
0.34675373664345066 0.22334344563829533 0
0.9432771757493285 0.2753475821848187 1
0.6243883698021898 0.30482866779340156 1
0.9554062495999533 0.9498789380726559 0
0.673193801001717 0.09577444775340982 1
0.6961150789651821 0.7220863436941624 0
0.29935191495505487 0.8570473012378099 1
0.19881993086225747 0.9566554648061272 1
0.3711102556850785 0.14107203932648926 0
0.28861640642063613 0.6674234439756231 1
0.3440463658597832 0.1083883326925843 0
0.13481018646811194 0.885490978660818 1
0.8305576177505405 0.8224447888499958 0
0.9387971342071486 0.332694728987206 1
0.3981868491216478 0.7476700387542775 1
0.766568241840381 0.05507307156671437 1
0.273597476759429 0.6558778739823192 1
0.9764532700543416 0.11427022470594439 1
0.6352204146115666 0.06542230428224605 1
0.1774197859561617 0.8370501835749748 1
0.8735384052637978 0.7854464311109748 0
0.15173002858736562 0.1603767979591083 0
0.9150623103410701 0.014962854263495085 1
0.8790874063402134 0.7725462725594296 0
0.26775723309207433 0.7241591114762296 1
0.15804432243255206 0.6351256642598657 1
0.8077993082592612 0.8512570251167355 0
0.9659045609225899 0.12380917887421072 1
0.8903819201194827 0.07850824898133502 1
0.24060065101125938 0.704709283040564 1
0.051008118024301385 0.2652909610874581 0
0.1603652756212428 0.22231076673375816 0
0.30166139022590976 0.9502821807609507 1
0.10155457056308592 0.11861432325038701 0
0.9791769806922205 0.0185724199696925 1
0.690881751131532 0.14252345515621634 1
0.30311848891324966 0.03010079483101724 0
0.2216905312754336 0.07217670381811248 0
0.8315759700035669 0.151174937861018 1
0.15652686673233818 0.354014133010243 0
0.3375302509381063 0.035271439997238585 0
0.26011679796807863 0.1689801595975864 0
0.7304546811006796 0.3336928545170845 1
0.20676193586415104 0.7676975212168657 1
0.8304963815517242 0.023034957948906976 1
0.6101070865366768 0.25637956648785076 1
0.7088962701964705 0.6373816698892754 0
0.8454518774273934 0.1220852577403645 1
0.1667853486029509 0.1578155699791478 0
0.24166582810041315 0.2650387999803884 0
0.011139782422674549 0.3351478506147696 0
0.3012061980460856 0.12331124499118895 0
0.7505400914919068 0.1852063221450626 1
0.0720640528373907 0.10530661852707435 0
0.7474796126638037 0.24306659725437074 1
0.3158890203192174 0.7603837721488883 1
0.18543843875328547 0.8697631465249285 1
0.9019345033581865 0.9912717334693011 0
0.6984736936798285 0.9806083627840312 0
0.9570254921224095 0.7924869464561156 0
0.19645042015780867 0.1303337427898401 0
0.6345100239320539 0.3494025183075036 1
0.2852717231816022 0.8396904583790923 1
0.1893746615348283 0.01924525970815827 0
0.2330152352801147 0.6836994203559855 1
0.16040465829555495 0.8024666216300966 1
0.8307001378511562 0.1139371676005918 1
0.8339661505377646 0.6991755266923178 0
0.7285442280097598 0.2982504645568048 1
0.12671334397934264 0.6862942247091239 1
0.8253286976710287 0.8637401062345584 0
0.2735017093258475 0.15576333123241504 0
0.7998283448067064 0.7341720614919378 0
0.15460987754258715 0.6806790804937488 1
0.14327253402229967 0.9074761486230968 1
0.12340177010931652 0.647765542174997 1
0.8888647057948735 0.05640682967555777 1
0.8744546739099951 0.0821532552364147 1
0.19481750885870197 0.7189715832974836 1
0.6812812023804545 0.8786375295303256 0
0.3818581523254574 0.06830733402991218 0
0.7832294733139428 0.7893131874813549 0
0.875038938584315 0.8036323486618043 0
0.6914441745978033 0.9115901570343031 0
0.1913296610545857 0.7612843224162047 1
0.358208774865974 0.3651010293051379 0
0.9190194205820218 0.02584063344351506 1
0.795156446283806 0.11174747786924966 1
0.31829848582572196 0.98884481250176 1
0.0738897310957708 0.3772177171559534 0
0.8551194429752924 0.27808674727781924 1
0.697565745903169 0.8428747479316888 0
0.16285861499062748 0.7038848964962516 1
0.3081666463239523 0.7623766841214668 1
0.9060757345871853 0.6829851386109983 0
0.14644119712374082 0.16745994504641282 0
0.19225930402085034 0.9032656694185818 1
0.9947318039091628 0.025822945683465548 1
0.6717794197696367 0.6465211541140505 0
0.3789419965742117 0.21439771059004398 0
0.9430665408164676 0.38426634731157816 1
0.6051269335423728 0.8171861813209452 0
0.9553740225072953 0.06443194840328881 1
0.6359996570350619 0.09598586629424255 1
0.22381784167292162 0.872900891265647 1
0.6071244559214298 0.9106376931347094 0
0.8270461160955658 0.28400614655627854 1
0.20098702760124254 0.8851071860585701 1
0.3521670830194744 0.8365957665420987 1
0.7278407855466951 0.9769664320313731 0
0.6402043982163997 0.1521062914378839 1
0.814781608453308 0.965835428969308 0
0.01990367010014693 0.06413747970009664 0
0.23323942037672607 0.2954312072188897 0
0.6815325916378281 0.18803499086572717 1
0.7726075389504864 0.9261458809644526 0
0.08242680423318138 0.006563315810503512 0
0.8530425802666544 0.8160141889665926 0
0.9914705343848464 0.12612138129251038 1
0.23623416273285225 0.6565473774672006 1
0.23692464944448632 0.3888663085024501 0
0.10079185170558058 0.1821045909912844 0
0.2661412349645531 0.050713351399065854 0
0.011175423068728096 0.3722591758731175 0
0.1269143807548455 0.9453590120238209 1
0.15767350404174607 0.8393354919869506 1
0.8344940150218605 0.37870667832751737 1
0.09984585422435222 0.8523026606459494 1
0.24898868945948738 0.7704253312250995 1
0.008539415297426745 0.3683405940874306 0
0.2770809902009512 0.6994633825300579 1
0.180517911137268 0.762470921623375 1
0.22792895670984792 0.007457775706666392 0
0.37104180190269676 0.8558493820898162 1
0.782253208920202 0.8333928398982791 0
0.6625411471368895 0.9550527684274249 0
0.6004931305625583 0.7671033204375027 0
0.9455509454338304 0.6244117105109674 0
0.8988993648321889 0.8327643477814238 0
0.2515041123962536 0.09062843213816618 0
0.7891017525893771 0.8359492202919485 0
0.7522688456247054 0.6867344611404741 0
0.8154850318312793 0.3555505364773637 1
0.7149358431961722 0.6552205790981956 0
0.13823800062809977 0.2627034362454994 0
0.39598643285378954 0.01646300128121103 0
0.06436565976962005 0.19301846038812465 0
0.7871491407088409 0.059131095959490176 1
0.2766664544125834 0.13384693393078684 0
0.897327341098488 0.6795718124153463 0
0.6620984696733245 0.6400420419861877 0
0.007454078019228261 0.8253836668487575 1
0.7868502509171177 0.7173606286125382 0
0.9818513524403605 0.0541869790191668 1
0.8698067232945124 0.014796876685153726 1
0.6441516929625554 0.14674854728980047 1
0.1601993734361542 0.21667543372279707 0
0.9665342110240364 0.6947787638770576 0
0.3449681657015099 0.3547332544038454 0
0.3491393807719577 0.8832810916117928 1
0.6107032753427604 0.9153163987320984 0
