150 2 1
0.6609024616869908 0.9417261152941072 1
0.5186540305262691 0.9035769906031988 1
0.9602093133620848 0.5026505422809383 0
0.6342069578991362 0.0784699309224407 0
0.5907099276923712 0.1291378869723605 0
0.5354030936855996 0.35402414007459815 0
0.6385628128945133 0.27322314808692205 0
0.6450042069648871 0.7977205433963515 1
0.17739463372898978 0.3023950263181182 1
0.8179147268774811 0.04098167467264946 0
0.6292907237675973 0.7875967711533107 1
0.8882861962278512 0.44894532172205937 0
0.3276420289615293 0.5444881440048167 1
0.8964095752991537 0.24204714389321536 0
0.8952522623278131 0.022319040819145597 0
0.11033282626991692 0.4960362615700521 1
0.3061039481994071 0.6102225104128974 1
0.4569472113849724 0.14734377354601014 0
0.7309463202904489 0.5910568728768464 0
0.22256652865765858 0.9707290860797247 1
0.03357216987291234 0.6935977183821007 1
0.9413103886273247 0.027304656367078795 0
0.8232761341649284 0.23260862536782523 0
0.5114343681717867 0.3220547923843561 0
0.8039682614044329 0.0853402510166903 0
0.7385621774435299 0.06682888610510551 0
0.46064390791033516 0.20908470244193011 0
0.6625544856734072 0.8484699695280342 1
0.19435660713444114 0.2990322424805466 1
0.9340293859791005 0.2977878472381412 0
0.013181333644799453 0.3173014970349264 1
0.23888588079512174 0.359459332972605 1
0.44649729845888486 0.14096217688092316 0
0.8507781774161208 0.6866443132813761 0
0.775723053214456 0.9463692753929925 1
0.5980205433910135 0.15353801888424612 0
0.013280074305019318 0.6409952409106586 1
0.9966577325900402 0.5212137384831813 0
0.5106466337652661 0.30613274053904793 0
0.8713997100112612 0.5828384160885096 0
0.8517589707130823 0.41070909617540463 0
0.9992083503872303 0.7637072208153205 0
0.10154159533113738 0.3672993147785415 1
0.6308913387286027 0.9915436011351025 1
0.6482345269348746 0.8855358778670026 1
0.06189168128313127 0.46134711809141093 1
0.4919095491531823 0.0110896476758362 0
0.7960429556883741 0.5379286152643936 0
0.32310316719335197 0.6356184273835713 1
0.656817117018845 0.39468024279073444 0
0.3165681354443859 0.08672215553638296 0
0.9469169558751311 0.15855920599064288 0
0.23338849046823318 0.09568703773857679 0
0.4984879308611504 0.3587337660811102 0
0.537706473378442 0.12582040364364333 0
0.03862407510147636 0.4486231474264978 1
0.7388814603364483 0.6232082388983997 0
0.1795690524865503 0.4009991793928276 1
0.447818209159047 0.8423993631101687 1
0.7826558341501307 0.998712850526992 1
0.6217329880799696 0.3085953554823885 0
0.11028266846665802 0.5091660538996762 1
0.9860774168547657 0.597007976904044 0
0.29783654709161134 0.887554855590058 1
0.8798960703620434 0.662239311811523 0
0.7680275355131324 0.9401420520608347 1
0.21394472289874922 0.7333894402141579 1
0.291893249704371 0.08602907054979925 0
0.3486486094875624 0.09558301127616053 0
0.5898607828271999 0.15335524588733862 0
0.05184257385042257 0.8708132594482956 1
0.2974511234093479 0.6787824829904828 1
0.7168793096062074 0.4127576815833838 0
0.2916744863138976 0.9903686672515111 1
0.6870690583470558 0.0355582078932587 0
0.9566014192101814 0.35817481925861117 0
0.18784164046579233 0.9677800035833334 1
0.7592333741387112 0.904313553333241 1
0.697738134992092 0.5826634038829581 0
0.11399156124109378 0.8724369230859069 1
0.5978036471572438 0.1552941967195055 0
0.6145073944121595 0.08653640824407705 0
0.6555467423462108 0.9477202193151346 1
0.8393531194351982 0.412702496162478 0
0.8879724844081175 0.37154977657683397 0
0.60660699091742 0.023996743825919764 0
0.3245636279942773 0.8550864230366372 1
0.07826515493012265 0.5362041538891413 1
0.07125358570795093 0.6833961660187818 1
0.595711142400975 0.14255679616081585 0
0.6440696022816583 0.04211960404651194 0
0.616312420866823 0.1132604467063354 0
0.7606286795616906 0.1411392185295518 0
0.7222060747553215 0.09863975795394819 0
0.4089961051258718 0.8742706754581088 1
0.29654835125792134 0.9567380577994888 1
0.3381784410493074 0.5073069863917363 1
0.780729504934274 0.4374897959931202 0
0.7257081305954994 0.1967624874158146 0
0.09958971085305512 0.34054015142532734 1
0.410426677836064 0.20003317468774062 0
0.6559619611429426 0.4806377271191997 0
0.03326591581748739 0.6204169027096613 1
0.4654681228396741 0.8742856728657732 1
0.2708727342756778 0.3752376051342047 1
0.1915581267265687 0.781625657424936 1
0.21541603321292446 0.08857847302633415 0
0.30712515526050976 0.8974272490051776 1
0.5303617274859238 0.35664249057020114 0
0.5664250547966098 0.08665345723635975 0
0.43943661393462063 0.5948557734190859 1
0.6148218378398188 0.1546815479734749 0
0.7000415931689876 0.4544740127121504 0
0.7798689434813078 0.2645860236942733 0
0.5738418357599585 0.01118592198817503 0
0.16544092100332908 0.039811918270594826 0
0.008245272897142275 0.4769848320100989 1
0.48728105846385406 0.7078474996673345 1
0.065531952732515 0.6580354693745558 1
0.9122118190556502 0.20508366024696 0
0.5909404964409425 0.4300071893986137 0
0.018008908855619343 0.44731720335224767 1
0.6703772995787799 0.13299764507200484 0
0.38504965215218134 0.8521563067795572 1
0.27257673547679373 0.5792886400347772 1
0.6833036090497786 0.49183896549611683 0
0.1641191634920477 0.9364571940933775 1
0.2532513870073706 0.58767442099396 1
0.15147708600922616 0.35311268788452643 1
0.19525412797227681 0.6902254970152824 1
0.5442819353854009 0.9256892063300993 1
0.34608129464143345 0.16563423863996918 0
0.3400667591656228 0.8561256686099314 1
0.7588366038089794 0.48127582317216977 0
0.3842570527485035 0.1667233111426455 0
0.3146175649471731 0.6603174385666843 1
0.21189134263501996 0.4396823105754357 1
0.41324088479072607 0.17607433218634827 0
0.35787382933031064 0.8237041884582225 1
0.7972785390313295 0.2139439394793512 0
0.3956812482880644 0.5076471081422009 1
0.26390246694930464 0.9504024156045856 1
0.2630953523030285 0.7295459573860051 1
0.3104282772492176 0.9416731618274523 1
0.20872089234021507 0.4901613488839829 1
0.06839911401127341 0.24568886684433944 1
0.07628322698909362 0.23029991881792755 1
0.5795954944497118 0.30465722891042335 0
0.24545862582713585 0.5482264299098785 1
0.9171547698294835 0.5286144545035769 0
