1500 2 1
0.957515803813639 0.5536439911280632 0
0.4664848713456812 0.0789836427960855 0
0.5896169481879114 0.34953883983800704 0
0.6731580524308667 0.22548142360107704 0
0.7434793392422748 0.9745957195288395 1
0.7060756098432244 0.3502141258555964 0
0.13296190362978855 0.6586749037623155 1
0.5866629938228485 0.38810121606944736 0
0.26084450982944474 0.5481869775014817 1
0.06832365836579402 0.9594625213122973 1
0.05585980388984069 0.3558065442968479 1
0.9883445337793013 0.760769511493198 0
0.587673194431485 0.8128077682674175 1
0.0003722767689521289 0.3595010486743526 1
0.8314012975624933 0.620053173094611 0
0.9069349843285206 0.3609278360507636 0
0.3000417054472222 0.707914347105904 1
0.04321800205772108 0.499023191563718 1
0.8839489517013199 0.6126117088610668 0
0.19224245490019476 0.8142865662891868 1
0.8346567306693262 0.6520214484836238 0
0.44297032777247725 0.9882372932749016 1
0.6875651750644537 0.06854469725468271 0
0.12610699243959322 0.4134177177578935 1
0.7629866663491653 0.23577823791544716 0
0.26231668822272336 0.6316667546510594 1
0.8143331595558728 0.2822318084667427 0
0.6353818435573675 0.1636724143311118 0
0.6479494490282567 0.009496738599900856 0
0.38039350897205426 0.5348252786335674 1
0.6362257976039627 0.9136149742047744 1
0.2732144997148608 0.8324602331005183 1
0.8943731016288432 0.027886229560284526 0
0.08564237062322011 0.6774647423134316 1
0.726302544574817 0.9423485195958006 1
0.7888867214894002 0.11087033521040857 0
0.013850400002936358 0.6905941099844163 1
0.9994900228816441 0.6499213635403778 0
0.7773818419739097 0.6405783830733891 0
0.002422810408364895 0.8495608547437878 1
0.984110111848608 0.6241184070715196 0
0.6702371480040309 0.028737719413425955 0
0.33197888960798816 0.1810579971744921 0
0.38073760775905463 0.15602844635103408 0
0.688173122913612 0.9959103483398414 1
0.14532237371070833 0.8620781594851475 1
0.03206734285009338 0.2978445134839812 1
0.014723999286840761 0.9193324339378754 1
0.0749006685360013 0.7563436980921554 1
0.19336176421312012 0.8942375000764601 1
0.4601159642388142 0.6332185822338185 1
0.7830353531632687 0.376906276632487 0
0.6601858779162032 0.3219977750153782 0
0.3137567791833289 0.03856274913686353 0
0.5289428756079007 0.009523991454963632 0
0.9317242337675956 0.1734024575967016 0
0.17918253857258526 0.6934831431251549 1
0.24562122936882336 0.8723254887223062 1
0.7491472919315806 0.644596574347843 0
0.9878015094167812 0.33047648066490287 0
0.8175485429945312 0.3225934378511168 0
0.7913940902845684 0.4550255316840909 0
0.5663301327285042 0.004000887567612854 0
0.5126973982195865 0.9538585180272839 1
0.336143734344339 0.09412079314520472 0
0.2539740385946032 0.3591380282453126 1
0.7260032139910219 0.4654268629137376 0
0.9751922137789669 0.7119453945708449 0
0.8306248936307788 0.7277410704300872 0
0.21249085029145298 0.8311793103168367 1
0.4955673751469396 0.3568639458953564 0
0.6372190830426078 0.8513570120577338 1
0.6286351716704258 0.4772124691001166 0
0.7177107764429562 0.16136470184241758 0
0.39772758559731314 0.7757714476583412 1
0.9477395331065358 0.1004447145849342 0
0.056255665590382975 0.3332997230729633 1
0.7655595582359879 0.035636000275772406 0
0.3381608133640913 0.04408260385295237 0
0.8083613474404324 0.485467851721746 0
0.22417689586614076 0.0806018151125446 0
0.48980567036906975 0.17046940898869622 0
0.15098516789440608 0.993873518439808 1
0.9838569604205477 0.5089655845024155 0
0.9186685092148538 0.4570695096082793 0
0.605789412661658 0.712457068745627 1
0.8029349616851386 0.4184180589233931 0
0.015325100576049078 0.3058008976924955 1
0.9110159665602027 0.410258676054445 0
0.17268179711725018 0.5401495985358122 1
0.6033655039719377 0.8599251997549029 1
0.41651322236191346 0.25841328681437326 0
0.17189975979621475 0.82737731776318 1
0.5029617245768503 0.7002960008120115 1
0.29218869199258635 0.9869722651989554 1
0.16138937167510403 0.3707350564312474 1
0.7878919004365065 0.5571657606194589 0
0.8336524786139862 0.45459636630568556 0
0.8796873342937689 0.9850871325868018 1
0.36563436989804565 0.8079991226336308 1
0.12459570462722824 0.8622457547483776 1
0.6730990693002936 0.969549692698876 1
0.2527467598862708 0.4681552137389461 1
0.550313613495954 0.29335072207586177 0
0.9497895057360429 0.03926304315212059 0
0.7661914228363406 0.08582703922048684 0
0.8326110478941142 0.6578438784399012 0
0.2971495673533816 0.7673417386458081 1
0.786499028054486 0.6293537670363206 0
0.7562835398548251 0.5013625843419419 0
0.3909838342252545 0.7589911545899761 1
0.03515932244726594 0.6196495082854427 1
0.9719748974408912 0.31639730821770884 0
0.3261925454343919 0.7001985736156966 1
0.8394280712309165 0.2270822906061688 0
0.13588249455188595 0.9395361225582461 1
0.9997872880021831 0.4680251251901183 0
0.3193458274039067 0.8249409840417756 1
0.5163322111356459 0.2008510251724982 0
0.35381263991614276 0.5548682674956866 1
0.42515551243314076 0.6572537893157169 1
0.7428031835788204 0.07365779358132452 0
0.03831274490282166 0.3062881569986744 1
0.8547761808393479 0.257161043628906 0
0.28132384198418303 0.9303968837151206 1
0.6021332652585046 0.8234278902389544 1
0.9251058819168381 0.19651030281354898 0
0.16597485493998476 0.9738906238205997 1
0.9204897460577546 0.628948750555363 0
0.879428023128059 0.08261686760994136 0
0.1868744493991874 0.06037050418508827 0
0.6724692842664198 0.5661711629698511 0
0.4506170563440218 0.3147937431161223 0
0.3485866033288394 0.5859919757088333 1
0.8177181991214016 0.2160384172424975 0
0.8814282617391161 0.6571409298356715 0
0.3079789355884358 0.10895106141010369 0
0.8862615245899977 0.27279245508272376 0
0.563022171566693 0.6666846678863351 1
0.7708880731787809 0.04662850628682336 0
0.44032674879091904 0.016343312841625934 0
0.9433765952088599 0.6181074410554033 0
0.8637863808245385 0.25532948001861466 0
0.6677430338601466 0.20924663641606878 0
0.7031713741544383 0.5031459454926709 0
0.2383456672106048 0.9123667393096833 1
0.7999095033515924 0.23061619883900053 0
0.966250518316781 0.2200072174241876 0
0.8185174565687413 0.957257327928817 1
0.2680231080690263 0.6229928979592667 1
0.37959422332927395 0.011780801920292072 0
0.2791689040396875 0.4918477044864761 1
0.2067627218663578 0.7915223518988136 1
0.34362134994899984 0.8236669401792969 1
0.06986270095901292 0.4677386288737928 1
0.21981331379993463 0.7215463752143809 1
0.5144159291055853 0.23581352435210923 0
0.5570859165135776 0.16555493001649457 0
0.3278247233690159 0.20599672439269678 0
0.5010875387059078 0.013979150922678318 0
0.0049102865064627466 0.8327933030338359 1
0.9666939328860842 0.3678858709222653 0
0.5189134380700606 0.7735110528351142 1
0.0908615407334602 0.8668519764680865 1
0.5438310699755332 0.6643373239428403 1
0.2693279666912315 0.6358023735378598 1
0.549613422182432 0.2054951828223618 0
0.9848454348936733 0.4059875683740787 0
0.28370591520959554 0.4931599927860778 1
0.9667079328504695 0.32200980497204057 0
0.1521793564573709 0.2819341700329734 1
0.7633538666313585 0.6589663036840362 0
0.06320614496015364 0.39516634597143474 1
0.09421790388009743 0.9093500406918176 1
0.09812833693648582 0.8472413187193862 1
0.0132588884513829 0.8687352920750339 1
0.09197470432269006 0.412096787764921 1
0.9014376824686636 0.1600973908610983 0
0.3071130819711744 0.13405616457231873 0
0.3826958615231717 0.6226014026709847 1
0.6303790230992808 0.34806624142079634 0
0.719186338850821 0.5796591539898109 0
0.6872197517655044 0.34871793400337436 0
0.27612570773387857 0.7996672340094616 1
0.8161375587479114 0.961391706439479 1
0.24896199339854597 0.03933330832685078 0
0.28955328975062344 0.509293478178939 1
0.24599811044968944 0.04766602301770473 0
0.6783466408338427 0.19075273294949735 0
0.9368648417920121 0.09489374914322535 0
0.03812796082837777 0.8143580413075066 1
0.2548877525942411 0.08610013181264309 0
0.24725699074456498 0.48022172661985096 1
0.013805819278278841 0.7444076660400727 1
0.43616856360689304 0.5853749568572307 1
0.28913027912487765 0.16174897814565037 0
0.12755875650916093 0.9236105569017001 1
0.35424922234181366 0.9575377942591159 1
0.20429008227490064 0.07283019027708659 0
0.724982399329098 0.3415310376294596 0
0.4936153025950658 0.11657171266863386 0
0.42751346030964565 0.7666898814691346 1
0.11742475643120354 0.852423360423435 1
0.7373166471786169 0.4789769738218346 0
0.2958182610887131 0.0033143907350572377 0
0.6017690377162703 0.8129462392702435 1
0.6677992583907075 0.1146581454375254 0
0.8557531379594306 0.09764580550794011 0
0.34912759869236754 0.8597319998006695 1
0.26476036385626556 0.644876311425984 1
0.49626264323116753 0.8970907821497204 1
0.8578645224576569 0.272987490745375 0
0.540419011189107 0.05802281864804826 0
0.2574941633607063 0.13675980215866135 0
0.8429736517967089 0.4819683302290241 0
0.30055592601691494 0.772522681889139 1
0.49203226501047137 0.2774173271943077 0
0.3925066340155541 0.9937729478031164 1
0.09005030820141713 0.28413034002315085 1
0.8929023465873931 0.562378966955897 0
0.6927471562064916 0.2948193097688039 0
0.9431357083157452 0.5093167540011706 0
0.9745315061565827 0.13958919186928587 0
0.3099051219699076 0.18351996370148005 0
0.6395761549929255 0.12026250222446877 0
0.9892750794649275 0.4125681375864536 0
0.691752014873808 0.17341692018722965 0
0.29415179491173926 0.04604491615044848 0
0.43600952976601015 0.6573249007276418 1
0.9409054958437222 0.42518936488567094 0
0.2921421067270671 0.7749201302392239 1
0.6407899729151457 0.9065903879848409 1
0.16851998173580818 0.433082422144045 1
0.8576056969841631 0.08344166347913418 0
0.667209006753737 0.5396568894495561 0
0.9084009251444769 0.46438492763670713 0
0.3039301096996304 0.7099153007898736 1
0.18854510008159497 0.7304592266065563 1
0.37082075080958965 0.5279456737141551 1
0.6345380327611477 0.47896348044303383 0
0.5576563587333705 0.11823973539555521 0
0.6143301229985151 0.8049405304012566 1
0.02397734955831332 0.7938601562905511 1
0.34783899163402965 0.5231354092319861 1
0.03280566288713749 0.7694458908193188 1
0.4241490452189086 0.9481148327653202 1
0.15667442543137666 0.9340561854805114 1
0.39930610151071877 0.29844719224452143 0
0.899508349237785 0.1311812657607455 0
0.9542933586054859 0.5230261980510188 0
0.46288474704309457 0.18671861134115275 0
0.02971733856698433 0.6208762355127467 1
0.5174802090313443 0.02831370131377875 0
0.46303050823348624 0.8779502677350574 1
0.7141140766736528 0.9711822970202346 1
0.5354655302479739 0.7451127853713975 1
0.10075207651942486 0.6856865389726318 1
0.2047624712856343 0.3645435682713477 1
0.4164915185791631 0.3084610337263569 0
0.2568979597502429 0.37363479487272744 1
0.2449299879172383 0.8194050443037544 1
0.6977602198655695 0.8087791459501232 1
0.9275617866838191 0.5681084554853919 0
0.5158539780786283 0.6804480239162028 1
0.4161179952255252 0.9405062630400844 1
0.047780209260060436 0.20444023431501923 1
0.11399377872510308 0.2656447425517333 1
0.9937415158986243 0.17787169499237687 0
0.8374098069397112 0.009564938541688606 0
0.014261411428478699 0.6658778393046156 1
0.9824932446360789 0.5133427718196171 0
0.2940481526175689 0.01995039357960615 0
0.012301848928294556 0.35932477881388103 1
0.8606200545822633 0.7583016611146355 0
0.6438500006322816 0.019623198380701368 0
0.41447599954236836 0.15095123968404145 0
0.3573647060410291 0.4660352623184766 1
0.4945006905762994 0.6853308304039307 1
0.6464487601886008 0.4650779943927523 0
0.7872532675278442 0.2386188062157829 0
0.003199644593450124 0.34165706300214393 1
0.43210821512549724 0.25039155313043326 0
0.44671539947980676 0.21601327496589495 0
0.6744348010982862 0.2985585640295869 0
0.6151656156903099 0.8820534013583954 1
0.19938652071231422 0.599616326023144 1
0.9926268840848981 0.8199966636994135 0
0.808325632732036 0.0622553330621346 0
0.6865419301413302 0.014571569001007867 0
0.8663203981829148 0.6812756508489933 0
0.45573252763378125 0.08518449230249925 0
0.35065948206464503 0.8947843925670296 1
0.01958056604724534 0.8510321454860781 1
0.9858617024181344 0.678525438583581 0
0.6221977909763007 0.34572961764952537 0
0.5322771398909268 0.6701133330852469 1
0.21072244704699994 0.31662034707728504 1
0.321642529193122 0.5231008045754371 1
0.32483134309364126 0.6017676420571331 1
0.4922560069774864 0.3759079485117581 0
0.23003890551055128 0.4957201189958559 1
0.0567982405261338 0.8426735334095173 1
0.5009738566219649 0.23694239633130443 0
0.6075142408261569 0.9789300779609815 1
0.6136046192227796 0.7535176136112145 1
0.8232299761577712 0.6105577286004431 0
0.16427238383428178 0.05849081251184174 0
0.7100911872149005 0.9283925188504972 1
0.36427326222574297 0.1460821510835112 0
0.4753872605457855 0.9988407048162862 1
0.623913307622959 0.8313617951535271 1
0.08082231600146195 0.7185988393966842 1
0.9631331969996393 0.1877443540533812 0
0.49917669817314725 0.37255828874132024 0
0.32835413330762664 0.15067166275282773 0
0.7922683976017998 0.06416785613194231 0
0.6125101826882521 0.4777832503764994 0
0.40328495148397814 0.5272767394230237 1
0.9559565432816234 0.6875979044507818 0
0.6364821846639621 0.1867596061215332 0
0.6339770118452245 0.24137671210514322 0
0.6578928791182506 0.8833414356974943 1
0.1398353650019638 0.46810522600223015 1
0.12757764483710976 0.7959356870859879 1
0.5250850459223628 0.2761520327639011 0
0.9868294312072624 0.4521382438340542 0
0.6393568193897963 0.18256212586318887 0
0.20756316796990137 0.7890333229313723 1
0.2795140986971798 0.45902385968288195 1
0.9622569201951011 0.17671150437207406 0
0.6133564738896777 0.7573484986170383 1
0.9010401572519923 0.4782853236466731 0
0.8336141111530494 0.11521482818366224 0
0.9962676303948106 0.11764080701921198 0
0.1279333072703429 0.7545289908006055 1
0.21453999348521602 0.826185852940698 1
0.4380479741241936 0.10177506453776242 0
0.5152532768787695 0.3989029343822901 0
0.6060609353880897 0.16105702852020554 0
0.7261247071645397 0.8340653551825797 1
0.5802484317677176 0.29065713930773174 0
0.8672277815338545 0.11827615377747958 0
0.682802767788099 0.8335448740952874 1
0.6595847049353548 0.1557868610841634 0
0.5197313379271034 0.6495988480613273 1
0.14125843710968722 0.6161843657811124 1
0.8334995734259094 0.6083604102654093 0
0.6392308127822705 0.9001983911185653 1
0.6886852209488526 0.14245186072300575 0
0.718228796761389 0.2547062011463924 0
0.9239262890777975 0.3718919796364407 0
0.21985115033515956 0.9896248450688896 1
0.09385140452265517 0.6210515711571296 1
0.8929366458717162 0.38778576483106686 0
0.41276512571154855 0.282463870203003 0
0.09359418648514883 0.5327780723204518 1
0.9791518236914488 0.6539593915534404 0
0.4074380044310216 0.9365856116592665 1
0.49277084122386405 0.6328147140082175 1
0.5888640663477045 0.059352225863031904 0
0.6338484273562836 0.06297775419124263 0
0.7454848176032094 0.16563131036841428 0
0.08309212285505663 0.8509588687392682 1
0.7462752465013114 0.9209238062617586 1
0.5827011795651722 0.05917157853613486 0
0.43293280201126805 0.878814787060022 1
0.2899573187419642 0.47514117226448216 1
0.9955255039054388 0.3693419402516246 0
0.339077824668348 0.5241872211533406 1
0.2467633328535822 0.10903402431041209 0
0.579592471827542 0.3239298914844425 0
0.33446260426896424 0.03748557678702635 0
0.7551146724000837 0.20324011469735614 0
0.46320584527753306 0.35454976472046984 0
0.23558005320712083 0.4073519419303083 1
0.9931264466371498 0.02308808705765042 0
0.8670463010401929 0.4842151524858601 0
0.1167928289980652 0.7907077061685606 1
0.9032171366203072 0.744989442167421 0
0.6862939044199835 0.32451833980521083 0
0.4830805012558623 0.10751712932217539 0
0.5812737197358212 0.9407901877930316 1
0.16167675853213126 0.019814500339574992 0
0.5731155107231695 0.8974403727652992 1
0.4533289874224944 0.5805092478526886 1
0.11171393103816452 0.5518621566514095 1
0.6826336514908438 0.9758595653553312 1
0.3758266392993661 0.8613265571496934 1
0.23742717814003866 0.860762727777472 1
0.49315069230899955 0.8237940996897333 1
0.30986057122384203 0.43626031946164445 1
0.9652164970043744 0.5017334848280676 0
0.02894249590019815 0.31173470695641414 1
0.5120724872740795 0.11116444881352472 0
0.44816952184128345 0.2359363622135957 0
0.8994338873235 0.5136206605554801 0
0.34009876459904265 0.22004231092520088 0
0.7559956671563739 0.3996981727254827 0
0.14960404301638763 0.5306225168161662 1
0.4972256024776419 0.7014894256600133 1
0.6097016098973554 0.9344219142480483 1
0.8703479066081246 0.14468419463216797 0
0.2964724282797385 0.43623598573095945 1
0.8807628995725884 0.27600580627120863 0
0.2702428307725133 0.6358595621645835 1
0.6044581061034563 0.049599966677012386 0
0.375590257519416 0.08378631117650759 0
0.4415499867612579 0.2005244383214363 0
0.128321393599938 0.6268814334824234 1
0.2628382432133961 0.9688194110370658 1
0.4236872138561498 0.740758376363177 1
0.4251520034435302 0.02091174328761869 0
0.2902250855442362 0.46951304699233265 1
0.7519908116519363 0.1505075068620202 0
0.9389572947096517 0.6387121669033762 0
0.06699972194367243 0.6617139340398924 1
0.11202650563164795 0.9271902211547873 1
0.05244895673470906 0.27945967230494706 1
0.9547610330440998 0.35387942643772696 0
0.14023716907277495 0.9767615575420563 1
0.7663958335076828 0.8886316121282228 1
0.319664245487866 0.9969733270906577 1
0.8289525240201959 0.9970638616808413 1
0.26393450158723564 0.38818338316915324 1
0.835104427802009 0.6855948839563262 0
0.646144499391139 0.8438284694379775 1
0.6143008343281229 0.41962900335584086 0
0.5303797004899833 0.7072402219077971 1
0.7646452356740198 0.028791801101599068 0
0.4329884606928085 0.9669398839491242 1
0.4489670734856034 0.7589132745200439 1
0.2653765032371581 0.524758506637076 1
0.10484771884461386 0.7527688002898782 1
0.4850106749190891 0.08568004980217059 0
0.5330958310922317 0.7673720665312286 1
0.9600464314594661 0.24589071633700732 0
0.4567590397788658 0.2399406402631542 0
0.9179184643247024 0.01874495372474505 0
0.6224782074789885 0.8359806264424984 1
0.9171242221985595 0.7702578491678441 0
0.6673306007855376 0.03445601055418157 0
0.6865404256230534 0.5837272029913855 0
0.8701053792106129 0.494941269801763 0
0.9959383594360823 0.6948278379522395 0
0.3208317351073351 0.7149513002363908 1
0.28132228124208136 0.7376398965464824 1
0.48313422325539435 0.07847146467530053 0
0.87699077620219 0.34569675887682627 0
0.45834938612581033 0.5784965474404546 1
0.4026337412262847 0.17906980660391314 0
0.6528280215100601 0.4120845131469012 0
0.9765194741673263 0.3875839894925194 0
0.5312515377530885 0.2541534432653454 0
0.28416800788591745 0.08744673818340654 0
0.7094354348703852 0.44887522077597575 0
0.3551958844652787 0.10233065249633777 0
0.060349011877466 0.8372103083693377 1
0.9415678964660347 0.27359473964689596 0
0.7196145616307381 0.08083783654205112 0
0.8498685073698499 0.18211016624947107 0
0.24819863815431775 0.03691863441968157 0
0.4788751575342046 0.607297439477215 1
0.741040008476556 0.3624769649999856 0
0.3067090681549923 0.1464925948402741 0
0.7785244685826522 0.45017026809137095 0
0.05421853491711459 0.7572668728574508 1
0.6592376116259702 0.05439185841787042 0
0.7823696712148978 0.26081717870690957 0
0.71662850777276 0.26205740647208764 0
0.16799397637294622 0.016882855339242497 0
0.5952130007888161 0.07752912419012592 0
0.4433143914027923 0.9149748403921274 1
0.8351078821108984 0.32335323005046734 0
0.26637611419091545 0.6801164384442387 1
0.4972281877835142 0.22398222674594648 0
0.21354529158757418 0.9637354265499152 1
0.7234970157045998 0.2603063994080306 0
0.2725328840700827 0.5747771189656384 1
0.8027236897888606 0.29954901967176684 0
0.7801636859201738 0.40703367952647784 0
0.4811451497357597 0.001409720747238663 0
0.697634763764964 0.9922253530918388 1
0.15284509445513272 0.953510749965053 1
0.13086761679506287 0.6248158640320377 1
0.9142068985604712 0.5998313207065281 0
0.2094096353089563 0.39194362107180847 1
0.11586707638661364 0.4985201310889613 1
0.06122709543076632 0.19192257326836226 1
0.30167578112824156 0.12227217207472219 0
0.268716897119731 0.37149257354088316 1
0.6953676324869394 0.9708974613467843 1
0.7640622385046955 0.8964044962621321 1
0.3975189090365241 0.26504842555918284 0
0.9432146163455333 0.18550118968074036 0
0.9275311407176617 0.3702902962065475 0
0.5492009453413066 0.34509598403171793 0
0.6854269557551876 0.044923114414719856 0
0.8756624469517142 0.7174363679978057 0
0.7204210597477376 0.5329178579437699 0
0.07752066156226245 0.8858161623465226 1
0.7040805547265153 0.47600239315607673 0
0.6461113721279184 0.29834676646058134 0
0.1320995948073277 0.6709275948198095 1
0.26481885735342814 0.8648788315484448 1
0.018467546864104567 0.5084161642349248 1
0.11131706503833261 0.6542139330531219 1
0.4820048172062984 0.36147874382163747 0
0.3329785253823212 0.8414441363735896 1
0.4009654680401261 0.6879950165331855 1
0.01138887023135915 0.7701974052512196 1
0.046136055222340655 0.6904695797524656 1
0.6589077261696668 0.3685929094554612 0
0.10059809682423038 0.5242603949030076 1
0.31368806258480353 0.897603284826282 1
0.029790862665058815 0.7498640741238269 1
0.3159616731697954 0.7548852694167404 1
0.4963085172646208 0.7135921541611047 1
0.3234285407127623 0.6032963514031774 1
0.024425560777884603 0.7535781132069906 1
0.6069859675462879 0.25373638210733673 0
0.587334481003498 0.7097284229970761 1
0.7069007517514901 0.09940130551368753 0
0.2534707203560963 0.4367115739190789 1
0.4024607105216623 0.6092457228174585 1
0.24055707085304834 0.9076858607989984 1
0.8008459588016981 0.16513272523453115 0
0.49318989381382417 0.8913878776052866 1
0.9693740185292062 0.7515298400567053 0
0.7914781347624003 0.5419830826822427 0
0.9685507084895301 0.42036063632104326 0
0.7076246748200385 0.41136149616525053 0
0.9165480872157568 0.28333198484181943 0
0.27772297617685415 0.463776284517076 1
0.781683678883039 0.032309301365537446 0
0.826903103204539 0.47533136153580435 0
0.3256588925538182 0.19772257411840666 0
0.23181393857690435 0.05243872838925023 0
0.4383731000306009 0.7135917136957184 1
0.37951457379025866 0.5843734828315899 1
0.3265891339450302 0.4539644491584284 1
0.17381246117060922 0.07026923234513882 0
0.36359646987263716 0.9932718271993477 1
0.9276732491692361 0.14312850252789844 0
0.8014100441941063 0.9342692180946285 1
0.5210481186765591 0.013084621399710783 0
0.3778623396071622 0.9737241913383163 1
0.272413514391455 0.8094425468262232 1
0.22125550268048488 0.4910449897326613 1
0.6554702074646138 0.7839631836358198 1
0.1931892809041137 0.6545854731576214 1
0.8014190258811168 0.4354221088864966 0
0.6543775434806595 0.9705342777178525 1
0.18153418893376372 0.6965731263755012 1
0.9336006058456557 0.015374573456401253 0
0.660729706284861 0.21513053423757011 0
0.09427156536728076 0.21972401420701249 1
0.42676538526697505 0.5502233621909004 1
0.8138287404339868 0.9883438724264122 1
0.6183830328272699 0.4895119992958764 0
0.603074455036839 0.39473937604365184 0
0.8760124111237849 0.04922090490187869 0
0.2414169037471251 0.7714837851684913 1
0.7090540619469627 0.5204170692068176 0
0.09783088828733277 0.30529462025585563 1
0.491999863725196 0.8279214583135467 1
0.718190565772715 0.11613533119305441 0
0.055524365324918556 0.8453975562532683 1
0.7229316156847544 0.3602469687901526 0
0.9322411270180443 0.11061506370429441 0
0.6655125354288557 0.5569718369949331 0
0.016395461015357382 0.17971158293905498 1
0.5100549445912594 0.9850621799018334 1
0.009380050826441888 0.34760953825158525 1
0.5526067737381752 0.4294290890420508 0
0.848855332546668 0.46884291226651664 0
0.27428849853975235 0.6746263718850337 1
0.7802650446430198 0.06518729153410907 0
0.961204040265098 0.5703168735581885 0
0.07068110963507945 0.3941187023557261 1
0.5081833449457528 0.027450526950731913 0
0.9913148649997251 0.07602343656082955 0
0.3204930206181994 0.07999843030006815 0
0.638456094323241 0.8908428190461134 1
0.7705948304932175 0.35575613359488234 0
0.0581279391462054 0.5264706040999387 1
0.9646731804964432 0.4613463441959519 0
0.5758881650216098 0.9047179686148002 1
0.025524375546867484 0.32607519130579343 1
0.6473244836760818 0.23401710863066072 0
0.7014846880849402 0.5903124497606952 0
0.11421078241079219 0.4360874698158149 1
0.8659029556397292 0.014701673416741667 0
0.7264259568172176 0.05640117411557366 0
0.7891955949547015 0.12856293948068787 0
0.6094257970791681 0.7725569698119837 1
0.7073293777296797 0.9174862559758198 1
0.19415530049029683 0.04447769500862908 0
0.17214909707816306 0.32801047089639024 1
0.12004988978665287 0.843411445536471 1
0.9704783479572191 0.37473534070605474 0
0.6694387782592915 0.09332597040397395 0
0.3870517347185256 0.5248767235502613 1
0.1952256829811887 0.4131743635383808 1
0.03911371910156203 0.4023436394367942 1
0.13714976270201673 0.28851497460956743 1
0.3457672758244369 0.8538683470381403 1
0.48818766615318965 0.041279844689367184 0
0.8794901726845376 0.5464702720737269 0
0.5427078001274286 0.04152545677216335 0
0.8550438684928647 0.05761697398590737 0
0.47164529195855653 0.195235810026278 0
0.9699715846160305 0.5015661827017887 0
0.6396408034047495 0.8899613428505884 1
0.8698031938435854 0.13663952638567634 0
0.841165836107317 0.07283529057260807 0
0.6876098217939347 0.9130860890203552 1
0.4739608937971851 0.301849710428434 0
0.7692972407638777 0.1787988539924681 0
0.0818618865577122 0.4781346376846757 1
0.4355582141558213 0.9240820208841207 1
0.5854670911259552 0.026262679536826483 0
0.8260130567192986 0.6057353298184067 0
0.48577037153406066 0.2625199274191464 0
0.20441585267318707 0.5479546670374675 1
0.2178480917253105 0.4262583505682166 1
0.7757309338056516 0.02077772401339051 0
0.8865735391099291 0.7061319691201768 0
0.9504876201472002 0.2433218902261084 0
0.42147112812931553 0.6106990087721451 1
0.8326918653174361 0.5920978589661403 0
0.3619683707247302 0.07863093427509527 0
0.36976262171101126 0.02845165897938373 0
0.358091350291613 0.015097092977198412 0
0.9638752948237179 0.31184699803248805 0
0.7736089727153498 0.0725795639284309 0
0.9888949733049959 0.3494103108066825 0
0.17923870662789076 0.7189602634364003 1
0.25803710544871783 0.8098795125451627 1
0.3025223975589809 0.08620650342817915 0
0.8168526769215005 0.24307602290268826 0
0.19953425513873901 0.8631404417371266 1
0.11155565585529825 0.5954738608878036 1
0.9617982283790286 0.5123282779761805 0
0.5515802312012986 0.16407361934328113 0
0.473079357550542 0.3352176735659631 0
0.37537488695132537 0.9347367233334406 1
0.759199310291444 0.2865338752049801 0
0.4180583746434384 0.9323247454191635 1
0.9921665583443635 0.6564160081523895 0
0.9991404959652814 0.011734177618967001 0
0.6415511108734399 0.015374538460266263 0
0.4460440442058523 0.5667546648653047 1
0.18628114075250157 0.6319453996798318 1
0.4754355199796969 0.6801944112525449 1
0.18029551070283112 0.42101086164179324 1
0.22219733305340705 0.9813333179981504 1
0.16798493607928533 0.33460873589139706 1
0.4176374771151482 0.06149960821882994 0
0.9202572738247066 0.7008780630554968 0
0.189188772894619 0.8439949741995748 1
0.9512879309301853 0.7152387703075321 0
0.09129203818998888 0.2304461887669884 1
0.7098328682369909 0.3614997412551114 0
0.4745398165300475 0.35997748376159 0
0.4002942957501353 0.6989944687290475 1
0.7160795398015971 0.9636547876038793 1
0.5381429306877129 0.8060043995025101 1
0.6350216971744811 0.10437430266622727 0
0.7598812166432136 0.5394451810101503 0
0.7453453897587407 0.5319819229472398 0
0.38215222120352077 0.2165659201583673 0
0.6296559259117794 0.4453987505007022 0
0.6074845497565136 0.09880703479421815 0
0.6992468152829286 0.8638546459732384 1
0.49847111406363076 0.003493490898224705 0
0.39521331324368725 0.9358165508123054 1
0.8526989448901416 0.03315029370867928 0
0.2816592145479965 0.0031397333186383714 0
0.958758841839332 0.1808675971793301 0
0.7476329374248725 0.6382305960790589 0
0.671916032216136 0.839690422734142 1
0.8542901594845961 0.5591823581645295 0
0.03644110254758859 0.4676816368560357 1
0.8917356010275203 0.7001615730036619 0
0.646541609254805 0.3126094305049375 0
0.8021688568833872 0.09372750641270122 0
0.6393336686929934 0.0923590422180749 0
0.8219597123580198 0.17903916888469684 0
0.888197542613509 0.21503951811995703 0
0.7727502235514779 0.4799577222292888 0
0.8619187153642563 0.36467078074353065 0
0.6436421422644453 0.7841754764605179 1
0.47609194835064983 0.7694591608882579 1
0.9874845776929244 0.7141045312896193 0
0.6900450285833097 0.38369787217171336 0
0.2826183915768974 0.9282113145674489 1
0.8402870295115962 0.5361883447260092 0
0.338917744524615 0.9295822189889232 1
0.9521442065404928 0.6774533262853971 0
0.04090383968470801 0.6459963322663492 1
0.4524417203139758 0.3121412933904131 0
0.26553998287790503 0.15716836655522992 0
0.43674014927969396 0.8692845262512996 1
0.8267371144283112 0.5013631319012708 0
0.6284827224850196 0.37614015125434186 0
0.9283236412823607 0.5738250008206301 0
0.7785305914820957 0.18250581006582334 0
0.8260996248593573 0.5613415183694067 0
0.45673039088888834 0.18535521321327875 0
0.16462141328510016 0.44461629170335126 1
0.9729412017938011 0.3167847488658614 0
0.5052201787208984 0.08639830469204512 0
0.3916164995677711 0.9921288465281237 1
0.513038404846316 0.6251126252827139 1
0.8128040301574485 0.0520009625417347 0
0.7749735196781321 0.6480626197679844 0
0.8428058610314508 0.32376225758046395 0
0.21306631818669142 0.6835114176585967 1
0.8095415697479782 0.9594459615875942 1
0.9876129597219985 0.6373626529713188 0
0.29294830471464706 0.0021182744938748055 0
0.44519719201645835 0.011421317397853903 0
0.4317953924885902 0.15551168176386887 0
0.7260729978361 0.9984867712783493 1
0.8850755556442815 0.40956465328183933 0
0.21078958856740726 0.49531856927006523 1
0.07301772561628861 0.9608655533928084 1
0.27050782312682076 0.06878589618508368 0
0.6108178579266754 0.879316828861515 1
0.5605242493546811 0.06423700398400622 0
0.4954773984292151 0.7919591979647282 1
0.13355273792247102 0.8824204948363619 1
0.2752973920505838 0.9434687559303472 1
0.03144598323681236 0.3786900956822621 1
0.5526811352217692 0.7375787760131576 1
0.1915872583625795 0.2929941187357229 1
0.33993311059954034 0.48071170420604437 1
0.5650852560971228 0.08383056144172374 0
0.6616412048727809 0.4538621189522102 0
0.5970085715030053 0.3150146251559599 0
0.4687136426325774 0.9143787108093865 1
0.017561134850654803 0.6599616784861283 1
0.4583439541090607 0.6477985637275643 1
0.5293334158835603 0.8581641317400406 1
0.6689673039509317 0.332221738458677 0
0.36917209896690417 0.9974684471057476 1
0.8725318144597425 0.3123139265456967 0
0.7555974244743102 0.5177320739550159 0
0.6969865450471558 0.5517982516309617 0
0.3035777999873964 0.03089931579852101 0
0.019154149028750345 0.3973940688619818 1
0.19747331845335847 0.37515329056231606 1
0.6520513563675167 0.06654106797165205 0
0.8158146359996798 0.44513456472212865 0
0.3835063319479528 0.9057181697955996 1
0.26034477365016295 0.620701088738219 1
0.6534086549897568 0.5432523002543808 0
0.7877017646474004 0.020772277988956422 0
0.9613746119748873 0.43963630040362633 0
0.4590105218127709 0.69141900611267 1
0.13418899333165757 0.7903829996287349 1
0.7531407757087956 0.2077522670324239 0
0.16206803724987984 0.7223859266112023 1
0.36822912292556276 0.5390162363694282 1
0.822772863328682 0.10307765301077343 0
0.9073840986656083 0.714141768002254 0
0.1183056760655864 0.7207435622830118 1
0.40850873335446736 0.5819236777809885 1
0.8146952690863432 0.3983020549955073 0
0.49689618490438103 0.9880218832241342 1
0.14774318626484229 0.6663535150342006 1
0.028353356733973878 0.8365010443593528 1
0.19656794554771984 0.8609420909375587 1
0.3070111451256249 0.550493058053206 1
0.19533544615972298 0.08614962029071915 0
0.8767400180009415 0.5492282772828927 0
0.18678593300339386 0.9946807310503984 1
0.24417883657590667 0.8090155461771973 1
0.32200507756802144 0.09214921638925111 0
0.11168903044104861 0.6645056162714003 1
0.8302239396864374 0.09691982432604351 0
0.8768066180228892 0.08502196061702894 0
0.8703721008681884 0.24875920169828702 0
0.576587687996347 0.16849958502936602 0
0.8447571032112282 0.9473833644210726 1
0.4376324732218455 0.2699222040744419 0
0.17548781783743717 0.013006821225682752 0
0.7570523634766828 0.18712230676926433 0
0.33242340083362987 0.728302821654243 1
0.7988980116274491 0.3989507598435357 0
0.11793406675740814 0.458093911987725 1
0.4178358260157684 0.26381062788621124 0
0.963395560825192 0.13566294211258356 0
0.5737757701178313 0.9297568905607688 1
0.6473189493538652 0.37682507454406267 0
0.3951503825143404 0.6755387277507525 1
0.774890187006341 0.285483324645071 0
0.26335448532347916 0.6444247822920635 1
0.2823450099696624 0.7802559761407717 1
0.2685932396079467 0.7177687924177851 1
0.5234775916637112 0.37122325295001335 0
0.5741068213916308 0.06686408404603028 0
0.1988975394391278 0.375046274917746 1
0.05546397650079116 0.19014116962060756 1
0.08015435243380797 0.5185902168928533 1
0.4093378990632739 0.7123822381004502 1
0.702177317638403 0.2357685482689189 0
0.3616055082260151 0.12123089140578669 0
0.6875085714661058 0.41788825128229734 0
0.09869722516290991 0.6019342620260706 1
0.7931760443201457 0.22457129855475233 0
0.8603127556253333 0.6735000220328405 0
0.6413516785094527 0.16037329459167382 0
0.7612458576805337 0.5711735831267131 0
0.16050546962743617 0.7542187914008593 1
0.7110902112707754 0.3581028029706992 0
0.7402507013284803 0.9905135948607535 1
0.9699842304617339 0.5605902607828063 0
0.7267522916020513 0.14833893958658584 0
0.9268506497813891 0.1877397889969996 0
0.06548344497467662 0.3090791804676386 1
0.20870899187044212 0.5188676396230114 1
0.09325633404580436 0.5544900862353369 1
0.5934715700387221 0.9880652559316259 1
0.46825777288432013 0.2784146709781249 0
0.14512148390916624 0.6423503616324371 1
0.5735719738789609 0.8610801833577807 1
0.38868125222617167 0.7525023543089835 1
0.22139016960597147 0.42536750979915283 1
0.24121386242936316 0.02820688658916326 0
0.47043034405221706 0.10534721540950742 0
0.9322315032668654 0.09385217237389576 0
0.8617544417328414 0.2995296796061794 0
0.9541256231970419 0.2871281112491437 0
0.5669237109462666 0.822540690828777 1
0.8094874460625556 0.6515541434921612 0
0.23002596423009725 0.5378537087811086 1
0.25532791359447726 0.6874441159244482 1
0.48963420562135107 0.6402863660146031 1
0.18041177408332065 0.6584758229075758 1
0.4256315438308871 0.7382540919349346 1
0.09367348453780766 0.5071340833574098 1
0.526763700416191 0.868025119776627 1
0.5812240535146447 0.7489700963861332 1
0.09333517935588198 0.702380963570861 1
0.17777978039582287 0.2933572866768409 1
0.016018333519089323 0.4075360904676678 1
0.7695105289477314 0.10207300727318325 0
0.08642316526706217 0.2904709712552126 1
0.8974193533691018 0.708198824407834 0
0.7467755928758231 0.057006766499002715 0
0.905473285866752 0.5193693161642704 0
0.4345806622257822 0.7867040617641039 1
0.05276368537329279 0.30601267296149104 1
0.9871436824500645 0.575230598824975 0
0.08439475821674391 0.5622759662769318 1
0.2096667193106342 0.3408135517458789 1
0.36312473288341907 0.9630153702591948 1
0.5315982039233451 0.3124330182538405 0
0.5917982026613822 0.12091447691157953 0
0.6632486131911233 0.773259881190541 1
0.36611066818786964 0.7647251929846558 1
0.9626177676820186 0.43888439206811947 0
0.028301518091689237 0.5833978447469483 1
0.5342132172434151 0.19201248310115293 0
0.3458935249651782 0.9918629462002733 1
0.26797838350424064 0.49673138917084103 1
0.013114449362282676 0.3918411049400402 1
0.5720582469840734 0.009735809510822757 0
0.8045664055649772 0.9940157044836861 1
0.5881350230936437 0.0852217752307256 0
0.318852723700108 0.9876172579227063 1
0.051670552087412225 0.5268237432854239 1
0.6102191839651865 0.7739412697244632 1
0.4447784761431691 0.8505813031786348 1
0.515752955397357 0.7134212373188543 1
0.37075979687067206 0.1792244265563524 0
0.7145213092347454 0.4992280414787087 0
0.2785392536964312 0.6956129509649808 1
0.9487465821755656 0.6438602498448275 0
0.9458255617991609 0.8029299238251328 0
0.8507892611726942 0.26601559800676655 0
0.40745564619321206 0.9271150280458947 1
0.18562411163212433 0.34792855343530127 1
0.4560281706429187 0.2902295695673405 0
0.6859491258801661 0.03856165391307398 0
0.8808279151703469 0.9853615263544101 1
0.727429448667298 0.5818454644012062 0
0.4236138672285509 0.6855677907599322 1
0.24655195725558965 0.8305354784994745 1
0.830987023591156 0.2692733207188147 0
0.7489150232332626 0.28216572256017536 0
0.13250218884710274 0.6924944539836011 1
0.23832277008774194 0.020298461498903242 0
0.735866955764317 0.4827006642503149 0
0.6086829155680028 0.9396646225428903 1
0.21345349909333144 0.4977175394354618 1
0.6981126996215707 0.33150170405779045 0
0.8755546904560417 0.5793942799100623 0
0.3452167001725679 0.004358047560205414 0
0.8121044450615296 0.6372567096071831 0
0.6384372963431062 0.81723871701345 1
0.047694407434869746 0.3241071093654825 1
0.9892863472923524 0.7398914420567841 0
0.5386838112580339 0.8186810938330006 1
0.6411864183324478 0.7997306775306684 1
0.29872222936801296 0.7817571168782419 1
0.3013738131667858 0.00480933769668368 0
0.1138978535555325 0.982812066563547 1
0.034805522180400006 0.28630651105609684 1
0.14966797084669614 0.7011049930227801 1
0.9208278174428111 0.07735759265780384 0
0.6518248962719981 0.7900034868129236 1
0.9931567916430164 0.8594894038062757 0
0.1847862096607641 0.4106927503464596 1
0.6909610731995528 0.8296003480930535 1
0.4628247196523785 0.9360094812316938 1
0.35803185794430825 0.8765827358620236 1
0.7625775183781303 0.3274191242206217 0
0.3091269502970666 0.6660732870686986 1
0.39946037641530197 0.8849121974026923 1
0.6380918609536461 0.3266136556412136 0
0.6180521548257562 0.8267314235390787 1
0.4680640024103331 0.6618622585097215 1
0.8135068468709916 0.5449568758132057 0
0.3610559942965186 0.6275932187472579 1
0.9599697959947497 0.3722553951061751 0
0.5500413034886442 0.8181557999092103 1
0.22567553457200618 0.9048410165990078 1
0.2550501790058728 0.476023526036381 1
0.1628914276540948 0.9563293778510685 1
0.5272068818257061 0.31647147577064116 0
0.2599825911005865 0.40507473458674537 1
0.7546640732214221 0.5937859567203267 0
0.3670127315815678 0.7438831884638141 1
0.3600944465180598 0.1981618012998022 0
0.16177217247760933 0.27480832888437934 1
0.8620839071683062 0.02013319796308921 0
0.5892442227142768 0.9739091447018087 1
0.9687402272307223 0.6036579725249815 0
0.7853466236708433 0.06515012769070427 0
0.08331917472227524 0.32385071509371044 1
0.20547752114168827 0.918677155812275 1
0.286727928416058 0.8516959514625757 1
0.47420454115491784 0.1862962272712284 0
0.6467664065615986 0.5035244243677114 0
0.5962285675234816 0.9743097476442467 1
0.82299979368258 0.6696797317066997 0
0.6423587565521073 0.35628021109942387 0
0.7957013465691559 0.09254957621870086 0
0.7807181221338642 0.5349262042340076 0
0.13438831728846 0.49423467610851923 1
0.33024994918028283 0.7660646037138886 1
0.13921570372674685 0.3506973031984818 1
0.6238124330103785 0.471097131872109 0
0.12057970528717077 0.9014993310912044 1
0.25997619368772007 0.6032268407035059 1
0.4134917296937658 0.9881938275684758 1
0.04088163284250268 0.4555751328432448 1
0.8877018149640744 0.2789960522505699 0
0.345720241002627 0.17692697536636948 0
0.018044151598960556 0.6664128275256024 1
0.9639012452338686 0.5610937715818559 0
0.8774813172564637 0.35189711781262945 0
0.16609183581277076 0.8285223896097657 1
0.7785339716878651 0.6387678045696427 0
0.7449038206104743 0.5106664864298591 0
0.5858670323234123 0.9306172723100992 1
0.1420786905702811 0.8335118189438732 1
0.9033069086307919 0.10715744482767187 0
0.5632402398897428 0.08368809709993674 0
0.29417697267274734 0.057461104504404115 0
0.21582047534549664 0.8756209983174131 1
0.5049441834645558 0.8158701482414495 1
0.25567912838304996 0.05860529515451196 0
0.6593019245329146 0.4333506373522946 0
0.2937601674140733 0.7099460730445323 1
0.38289900463998994 0.26826965435947214 0
0.5443217379330295 0.9855440623948095 1
0.7460595514601276 0.2583266124145608 0
0.6873838345200346 0.08355762859355442 0
0.8105225286569996 0.6034427396196677 0
0.19397940160198357 0.5924001660220248 1
0.8402657296895447 0.09442942678296429 0
0.3875834816000743 0.7774996737868711 1
0.36276535953840994 0.8526708798872795 1
0.8808952673475545 0.14132455699725854 0
0.4998735799419779 0.07423303594181385 0
0.5499000696406898 0.015860969393647895 0
0.7642238322349106 0.5444331867690029 0
0.13620786473557234 0.9509762346236463 1
0.06962090947613109 0.507270389368264 1
0.9163299388971311 0.34462720061947305 0
0.6028645525766665 0.7089221085992089 1
0.9951148666006653 0.4818023302442457 0
0.16082261576372237 0.3106799734791197 1
0.5386164027421688 0.011955599822962237 0
0.33258220918295 0.7371614891235075 1
0.5677893400650825 0.44077424409348176 0
0.1613910664423478 0.30574730740676204 1
0.5689591450050749 0.1717166509255872 0
0.5477882278209056 0.8217730085362315 1
0.7465354595685401 0.2819423639470151 0
0.7728114913024035 0.8975615539656843 1
0.5128315968153019 0.16037861791483365 0
0.0065966627618478935 0.9220879633768332 1
0.9210787322108385 0.3477141324530726 0
0.3878842276927601 0.8773370486439558 1
0.9919929370164184 0.33154341247020425 0
0.5926761397007096 0.9044443235751631 1
0.8792872287440316 0.5916898240832571 0
0.6619015166305086 0.12899220594886107 0
0.22177914608448357 0.7606784277978029 1
0.9274333760181309 0.7306544553739807 0
0.19019463231291744 0.8401031053968414 1
0.15533074413894055 0.5689724590877914 1
0.8413928614613478 0.6525711211060372 0
0.9979949689466863 0.022190554197278556 0
0.7432933784535676 0.14047996652706252 0
0.015231469072145787 0.37061905502668724 1
0.14309167407177525 0.7958235913185935 1
0.37230980063360464 0.2321476274312816 0
0.6195896194656809 0.8504004932044912 1
0.299478379123139 0.9951414613853805 1
0.07477801138211015 0.9154461253047013 1
0.8101372384507831 0.2483386428178026 0
0.4823250501803874 0.8151234392851041 1
0.8620348644526448 0.692041439217168 0
0.0034009577968050486 0.35372111183471966 1
0.9780381078052247 0.7998915220182231 0
0.24564000392374696 0.806889395098203 1
0.5980458380742618 0.9382657014521651 1
0.20473248491826723 0.4073108790966383 1
0.6007117701841748 0.3744578465561419 0
0.745462506170362 0.3575151931363503 0
0.03041852434059833 0.20490243477005066 1
0.2437116536128101 0.41591276900561125 1
0.24695161068635318 0.4634085241435185 1
0.9480179151442973 0.6718970691808139 0
0.554592949654699 0.884306958690214 1
0.0887249276360429 0.747272940644982 1
0.9259887274138721 0.733795261259131 0
0.1126486066797786 0.9060941764217687 1
0.9132564234340058 0.7917297742211268 0
0.705230207125926 0.8769230503607212 1
0.5007984493234641 0.8336777446436565 1
0.2119013934497952 0.3350582067603678 1
0.5382177789688372 0.29630319697141794 0
0.8628907921075565 0.30934031130670847 0
0.05395647022284733 0.6004698122519727 1
0.26881964582110573 0.3960088429440797 1
0.06073692652120044 0.5304314629943488 1
0.18007078152398392 0.771942622502988 1
0.6030838042018101 0.25687607180223426 0
0.9668396469691453 0.6707245074647875 0
0.21523490360358533 0.4051423041837803 1
0.2974662762711654 0.6291152308204587 1
0.4385504200232889 0.10089090242845389 0
0.6843603623062893 0.11331357015556387 0
0.46924637494665977 0.8998126047474945 1
0.2972821269807795 0.788768409699487 1
0.22333729487992915 0.3912798201365143 1
0.6236807864758418 0.23075465121961092 0
0.8743500200055214 0.2051064244449906 0
0.4834510397942161 0.24222685255206877 0
0.030736598520248792 0.2439411746944088 1
0.9145014351729249 0.027965411361466685 0
0.882132521237899 0.9992069320387036 1
0.5976313462820579 0.9045798612746655 1
0.231845603582312 0.7616412900272528 1
0.17766411649314595 0.554357373017343 1
0.20891339090701444 0.4389333237774995 1
0.4766688729248636 0.23463809103793531 0
0.8188794208068229 0.18438877032763368 0
0.034624474511961045 0.8574702065100241 1
0.746647487635406 0.9002578875941512 1
0.1462064328941427 0.8628848866376343 1
0.3693433024233641 0.7958671460676766 1
0.9215378745307333 0.13711750417874358 0
0.026800537461669327 0.3637357668486999 1
0.8104565811810357 0.299334209952519 0
0.5700316934306031 0.9837058622764205 1
0.9106287328104781 0.3388477266902914 0
0.2117929771539495 0.329349008059285 1
0.32437618562936965 0.568648578534366 1
0.9629484787444929 0.2094595577188586 0
0.6290078531579059 0.7935240140952569 1
0.7648872265507131 0.12378401300337782 0
0.9646235586546965 0.6039353546971346 0
0.1594935715570731 0.026889740559026043 0
0.9067181737929138 0.738995516873169 0
0.227771601598297 0.5821999778744773 1
0.8050903024882904 0.608955776798604 0
0.9713088935487189 0.32118488364107745 0
0.5077794780813026 0.8469870535566016 1
0.8106038167754689 0.946965037459026 1
0.8098013108359879 0.026142545262374806 0
0.9699671908227079 0.012057662395700608 0
0.16217589881411 0.9753953801839577 1
0.06442734226270808 0.7512662368820512 1
0.7748147021176828 0.9554879823117081 1
0.0066533166869670035 0.7143574965362595 1
0.9275130809673713 0.8002977943746312 0
0.7589725294114392 0.4184153763237001 0
0.14324612723886931 0.6506144215716548 1
0.0916944750673645 0.8294080316454456 1
0.451661693248819 0.09311447194889977 0
0.21216125539439945 0.4681515174495492 1
0.9867341396566126 0.5731722471942476 0
0.042354511587866406 0.33625299468137393 1
0.280728586099839 0.8207729416388406 1
0.4672557363804044 0.8019838517963759 1
0.8581131524936049 0.3797450253530015 0
0.9268068049272523 0.3886698456669815 0
0.08783886048800138 0.6099418540035222 1
0.20452601158047823 0.446402840796464 1
0.12572149675297972 0.9040452929333649 1
0.9798251083637534 0.061975459152079915 0
0.9580139369424358 0.8450225938499556 0
0.9189043390319552 0.12989538065941242 0
0.2805096147906877 0.4326972352696218 1
0.31158404838076414 0.9741215926684205 1
0.4116968699145236 0.29015129951869356 0
0.7826858339954333 0.5400833525089579 0
0.14424946574933273 0.567612658404764 1
0.9168552974251091 0.1596105585619101 0
0.630103593196021 0.4453000752434534 0
0.48969156907002265 0.8445150154437121 1
0.4702526551571692 0.7600231489775799 1
0.5351918270298376 0.6548415951432797 1
0.03519779567739556 0.9567632823590753 1
0.2278933936247196 0.07668546704984769 0
0.643943367602735 0.7580358480768825 1
0.23475427132519966 0.5270402931429033 1
0.7124199022503428 0.5161455739611881 0
0.10535053973099251 0.6581059847651406 1
0.9514823783970308 0.589642219185866 0
0.7054758970827811 0.31042721771545134 0
0.9218825438957913 0.2526980086448961 0
0.666919032253312 0.9600574871527198 1
0.08855473683874837 0.37495217739950604 1
0.24235617551162159 0.13526133829264952 0
0.9142014172781741 0.5392508719494283 0
0.3784175294571699 0.7847040374170859 1
0.6552042285929057 0.26396998882991907 0
0.1829742759011056 0.5133232813461596 1
0.06347234112248845 0.7534773910172448 1
0.055352582281972595 0.21443283373512323 1
0.18684098210083255 0.33522074263262125 1
0.9733219402437892 0.38102995065645273 0
0.4570759538416569 0.8006075561681208 1
0.8080536871776478 0.4417064875650184 0
0.9499433272785044 0.6320349309893968 0
0.7355527221574104 0.16010183578741666 0
0.5864692364764038 0.7244534368238091 1
0.17218023902144663 0.5614947424597155 1
0.09342272529065199 0.4938017555857953 1
0.1779929041387428 0.6930973382415706 1
0.4117286433011297 0.05254504958030781 0
0.7944532140892373 0.3900135342200295 0
0.7068070584297974 0.3680168641859536 0
0.05627441925200882 0.6131558813088709 1
0.6827833169620046 0.28106404641780913 0
0.7947397389566816 0.22819647263768816 0
0.6928552180145464 0.3767319608966829 0
0.9043162671658497 0.7972279806982907 0
0.7801448731932406 0.9348441645790303 1
0.559168470204382 0.43835416979697106 0
0.27953452967871306 0.934629481968319 1
0.9315617962612801 0.733894093091763 0
0.9466008016132282 0.4183112738781214 0
0.7163894610923593 0.47702322170519496 0
0.06445155621142573 0.4647455335794318 1
0.6672243954841521 0.4311164340707555 0
0.2733944122381826 0.37991064602338787 1
0.6741182107407941 0.07084301453740549 0
0.386685448195355 0.6212712787104927 1
0.4655108778417779 0.7611948383743281 1
0.2624866727115204 0.6092680520553154 1
0.30859026975912585 0.7543317461055962 1
0.31603792839740097 0.5291843732512358 1
0.47624101673562913 0.8934556761144072 1
0.3957740183424615 0.7076654432084972 1
0.273361191857192 0.5826767693240728 1
0.7792255222804012 0.6252973694484518 0
0.8993770990599006 0.4825566938267044 0
0.5479677222790231 0.7237784848776907 1
0.24122283090825092 0.6206984864456204 1
0.2458336178831788 0.12145745207037306 0
0.5361168077956966 0.7984204235512358 1
0.3434571568150182 0.6853041748261569 1
0.4340926123587411 0.6264403798599111 1
0.8604846025910169 0.14575907821918 0
0.8426272596396625 0.6442288204083072 0
0.14752837191944657 0.9808157024372235 1
0.3530501993986469 0.9602405206538482 1
0.9321500855472268 0.7653506236365681 0
0.513251779612812 0.05763423011795199 0
0.5783938848044311 0.003399058466406202 0
0.6007721183063987 0.9947501033971626 1
0.9748229026912327 0.22536648385466262 0
0.7213515832702834 0.1436813254861412 0
0.8257819156682394 0.5611496763709091 0
0.02847096059748888 0.34789566411796247 1
0.7804290813515128 0.5481153400928268 0
0.23460143695856284 0.7361108677195085 1
0.6667727918063971 0.9709729271340299 1
0.0483098666250551 0.6150296684912765 1
0.2651254305860672 0.04507545216006792 0
0.3586364739084833 0.040504211332205386 0
0.9146641426021039 0.39050154432905937 0
0.08457073508153645 0.6671845193880456 1
0.9131052956378652 0.4633029543729984 0
0.013000456148602013 0.8894480603979946 1
0.07327639013157972 0.4420272190714025 1
0.3778598173461176 0.27029771503363165 0
0.3253355528268336 0.45262372213856417 1
0.02294187756039945 0.4672215094555171 1
0.24750948823774432 0.9071688019395576 1
0.6692226726195568 0.8563142175348442 1
0.5937613026258993 0.6965991049958751 1
0.8894134673066332 0.42631803268538526 0
0.9951287271826585 0.6904145495159246 0
0.8321421791125367 0.5388874089951735 0
0.024402711598481286 0.934343627921494 1
0.9167883255633622 0.25891746916839187 0
0.9650900684320654 0.8284045517042191 0
0.13922942564171192 0.030658879242664305 0
0.009073159540002984 0.9213576124987971 1
0.6922500695820125 0.9218988737598104 1
0.3583211355828233 0.7102738549793901 1
0.7457436680296987 0.00989399549952008 0
0.7628438830672749 0.43760613134352755 0
0.42078408511946297 0.23584777830646497 0
0.4142468655464806 0.692193166590509 1
0.10819903485597737 0.6135845393755054 1
0.9487624027187131 0.6552183214692517 0
0.8582880640117352 0.030692886797808683 0
0.8347277082503287 0.4809259567762475 0
0.9953988736526265 0.08263162342580577 0
0.3056267056233577 0.4328997011319199 1
0.9870972965112716 0.6133647565979189 0
0.6364036410244994 0.2110199147487064 0
0.6317269700014658 0.4480570355583816 0
0.07900688205961315 0.5057472081279056 1
0.01656808788790598 0.6216720087784738 1
0.5285982284820347 0.7551199207841525 1
0.21913512223590592 0.48469476339246775 1
0.3972289774816853 0.6131067640294072 1
0.898649903756026 0.3731028647042307 0
0.18361018294766462 0.02622522885339862 0
0.35616899061524465 0.9320343728150576 1
0.9024122433973635 0.6514954162418327 0
0.6477339146456241 0.9871203821925953 1
0.9599851582413196 0.562682768277306 0
0.501862432977421 0.9130432777567349 1
0.8763976392997979 0.6803874651946618 0
0.83491217211101 0.32259338044504926 0
0.15711592949445363 0.7534485812843309 1
0.0813879186027151 0.3969287415519398 1
0.5655273070641795 0.39154500769369094 0
0.06435990119119839 0.6411861789293721 1
0.7264523974150285 0.24890670154902916 0
0.03711433398573427 0.5660409847684885 1
0.3747832719389561 0.26243853303181264 0
0.8255535996459061 0.10479304123790112 0
0.6605504981940039 0.22548160367123782 0
0.4981899492237677 0.21336877415874878 0
0.4420088204043454 0.8249907282250283 1
0.8650285180156503 0.4700838121597952 0
0.2091875185189881 0.3343172737077187 1
0.30972810761694725 0.476022632168975 1
0.06148763878946417 0.44597556064809796 1
0.8659586714197945 0.22799347352452282 0
0.030736619075757643 0.6442683386440193 1
0.9545790507901544 0.33882188301904814 0
0.01567869496348906 0.7751405160383403 1
0.20654997125603147 0.36282977583111353 1
0.8481547953383333 0.27381373031783973 0
0.5707180957261819 0.8153900087019419 1
0.15780665458338416 0.8400589174008306 1
0.18393553829008102 0.785386101662898 1
0.9133231537356025 0.7874872495368714 0
0.07735821638341123 0.5698262149556984 1
0.647687348703977 0.9092379977457095 1
0.6462864691516339 0.9557213723262836 1
0.04136192218908641 0.21145974093025965 1
0.3901821369002366 0.5713609047150947 1
0.9066574153582735 0.06526515078004869 0
0.2467868728533762 0.7465195951310633 1
0.3756021656398666 0.08700822946284492 0
0.9252517947863731 0.003301052293112172 0
0.15660666233315912 0.6347379700934429 1
0.7568322911215445 0.04982451110461994 0
0.17142824500270293 0.02318564023634828 0
0.12476059204521195 0.0005707070663255598 0
0.7457386991614602 0.472930608940768 0
0.889147897303689 0.07220916018430446 0
0.28197590029235287 0.5521359909467232 1
0.19251213855986393 0.029937268282281826 0
0.3963330382948608 0.17215568787518676 0
0.5261816114924224 0.19207585676294803 0
0.41563392732933413 0.994607022894207 1
0.351996190690274 0.8861671521408866 1
0.011686381061501105 0.25216719278318167 1
0.5232642567752446 0.3240096225538065 0
0.2989120812970101 0.06493106072328236 0
0.4750138116919278 0.19536577097923435 0
0.7642515973240753 0.011337569368398137 0
0.31518519194697014 0.5659549729395709 1
0.9860196281364084 0.6922164493925697 0
0.0590195937417799 0.637737114839666 1
0.8765536337839632 0.2340149943283263 0
0.6732008586867442 0.15263418438562038 0
0.8317981084550965 0.2708504593449429 0
0.495465256481456 0.22452689789928693 0
0.14631395927148294 0.4571038558761452 1
0.3301466272539738 0.013499039615100572 0
0.6687882795996418 0.9455115904634157 1
0.7758986412308422 0.9794834566374399 1
0.38374752558648817 0.1292464483081741 0
0.08588796042627056 0.49546450598838176 1
0.9146513119211783 0.020862038096087554 0
0.40068397198878225 0.780700115089277 1
0.7991075844051326 0.3596330086646212 0
0.8327802040765009 0.4283560072358237 0
0.46237522513412677 0.24483015540875852 0
0.6623990901651848 0.9459169227669773 1
0.45934038446585645 0.31884558043415934 0
0.9519491149700661 0.797197711515989 0
0.22571861283860184 0.3646872605781136 1
0.9062444969622147 0.6698845524655646 0
0.4263354509206926 0.7208443656991351 1
0.5271018212806593 0.7731528313054133 1
0.75492583659508 0.9701599249266365 1
0.13580210762622136 0.28905758112440927 1
0.7615669493885235 0.6422272728121325 0
0.9138588060863813 0.7242476524144164 0
0.4907440983736644 0.895329731316234 1
0.09350669073726714 0.6374196175614474 1
0.1755083551687454 0.7422595484618536 1
0.4707000971506001 0.0966952783049293 0
0.3567470369428474 0.7459533544312594 1
0.9702317724837103 0.3630709393229783 0
0.6707403382262335 0.36870796807211337 0
0.2790923410472754 0.5844278020716189 1
0.7803222896725991 0.6445394071254641 0
0.9235732201529219 0.2700933523982284 0
0.8482242055129144 0.37885730925012107 0
0.6618378683611944 0.07318395979062753 0
0.5882930776450768 0.9091790293588496 1
0.2095220958173971 0.4877162565451095 1
0.9051750323062675 0.6766770045439862 0
0.9581940224538952 0.34486549991197624 0
0.12393711095465942 0.704997142515948 1
0.8565235620899154 0.5822899923057744 0
0.9506440446785244 0.7771808794021245 0
0.7138516129646134 0.4272658739823061 0
0.9901979635353186 0.7231150109514796 0
0.4971547688484803 0.23643892105047326 0
0.21402858839296313 0.46375196906592386 1
0.9021161711803256 0.6885826806028428 0
0.36495907077414913 0.14418857463538926 0
0.9680859148137494 0.3118787097850616 0
0.2849032743856643 0.9906799265345129 1
0.4161355729801408 0.010544760475743264 0
0.03910188242255708 0.6958271203185764 1
0.29238732291527814 0.996457809834307 1
0.2575334263140786 0.940522867571594 1
0.908189767436604 0.2106097816283774 0
0.7327288568856247 0.9110863926619863 1
0.8063361886301881 0.014794341601450545 0
0.23745775935071245 0.5352999197594077 1
0.3143522521734565 0.42545162670725 1
0.7870801956970371 0.3970693981414837 0
0.21732405261418397 0.6999693367915577 1
0.31675867919306167 0.5459255946347086 1
0.8241386969881455 0.21525446737521858 0
0.6702459594597223 0.27124927037393276 0
0.18134799609598373 0.7245820194491396 1
0.0668529850105305 0.5021361951320342 1
0.7097956372657537 0.31168986645372865 0
0.8282844429251686 0.06930343535842742 0
0.7161960961021584 0.9021321031835584 1
0.5436662124287442 0.06918321613240963 0
0.5189606928633703 0.6978914941349639 1
0.8427711336746678 0.5954668351289868 0
0.7497759253391771 0.48948766698852697 0
0.35657359017910195 0.5123887985929996 1
0.37747587411425865 0.5166675237454877 1
0.17941573307988912 0.710655488589056 1
0.30877987811489194 0.8679055848571541 1
0.3292133460565221 0.09786867978452829 0
0.949486259973381 0.5175822413305108 0
0.7605822006150438 0.4801974576444695 0
0.09020496343622841 0.48679152854730545 1
0.9146423719881376 0.39819126768167057 0
0.04262718781989083 0.6684692370757158 1
0.7291832129925391 0.16200254526463076 0
0.511105810194561 0.012457191429983805 0
0.9566291861154502 0.7335608870442613 0
0.2727445852269732 0.7474355720605249 1
0.7670544521039858 0.1289105084080957 0
0.7635615232305825 0.5991906332206243 0
0.3528629672718171 0.11623022129972105 0
0.12859436622665565 0.6468500573150212 1
0.315313906070644 0.5174701027634434 1
0.03063977161775766 0.9267404207798694 1
0.12734689965831192 0.9543137608077092 1
0.6302279892643818 0.9721894198066615 1
0.07261959421507191 0.9453682062317319 1
0.6179624645768619 0.04551329254101222 0
0.6865595766292493 0.5627459434230572 0
0.06825673183642533 0.5207945770646224 1
0.9205618756556342 0.7608262854351346 0
0.1725245597276649 0.9986323007662701 1
0.05843861387043292 0.7019022655492159 1
0.3275041291970471 0.0759221748655351 0
0.21594096906827842 0.6915882294872362 1
0.8809197450334043 0.5774697493123386 0
0.37629935511095747 0.5609444688544817 1
0.5796944560092969 0.11072425305783073 0
0.6001699549818462 0.4262061199679017 0
0.5812737467800619 0.8345142608532238 1
0.4314951242826165 0.2369434326654597 0
0.4972338618294091 0.224931738220558 0
0.965441879195844 0.0426333153621431 0
0.9189949345276381 0.5686079003419603 0
0.49982464337415045 0.11736219243787394 0
0.7114531244293963 0.535887753435215 0
0.8601911707967583 0.7108585195272124 0
0.5172540888947487 0.6894186857503496 1
0.07868791645342177 0.7849560074214696 1
0.7951193657994169 0.693578715853143 0
0.3406122652510769 0.6763058039654368 1
0.7954847981567021 0.9657714491749478 1
0.27043606066315506 0.42186155682299453 1
0.8397295257865309 0.1297708693673335 0
0.4170654880713436 0.6590494906101525 1
0.5152195578369186 0.9166844243263238 1
0.09996254478514888 0.9231303602711497 1
0.8199489542313926 0.9479682218830258 1
0.3811175185627331 0.9971893549108917 1
0.3248876260390805 0.18927700542760018 0
0.7826468899214178 0.43020556915170083 0
0.6396159784868473 0.15555247211710754 0
0.3697354301624275 0.6523540022385702 1
0.24856513026797333 0.05044904180754639 0
0.11576719682882441 0.3717678284188458 1
0.7988431114916441 0.45084939814398894 0
0.9076413290804196 0.4516526224772003 0
0.19188066130716963 0.8035182520374167 1
0.31498517206583054 0.05163809566366284 0
0.5945592240041319 0.07632381110211384 0
0.5560597780179891 0.895128253091697 1
0.8547687379205138 0.7246674693343901 0
0.03904359607948027 0.16410689133623058 1
0.5805394426515067 0.24106603954891004 0
0.7839203848329998 0.9693981902137065 1
0.3995903368321192 0.7772740207339714 1
0.2730996165310965 0.6255147568266197 1
0.3650317454671316 0.8288699996195743 1
0.38409064997174125 0.5095072253179918 1
0.42699310797959344 0.9859549027283208 1
0.581395065355742 0.8990665364043071 1
0.7340165288410984 0.23496126872731882 0
0.18982308849445995 0.7913351400749833 1
0.3929642996916646 0.5882844560394749 1
0.12447669276699325 0.5158376715899551 1
0.724956378684312 0.4668176817245926 0
0.4953036108788441 0.7645863163576407 1
0.25402359654119055 0.12527403454110353 0
0.802138227512988 0.6349120400795748 0
0.10946800742096463 0.9846982716285513 1
0.6675163075916096 0.19560282980138188 0
0.6616313000728524 0.028631562833672963 0
0.9028147811029502 0.6518114546867698 0
0.016518074038554986 0.9871780926107694 1
0.9771033079032754 0.5781520283903948 0
0.6084716726672508 0.17732392669268215 0
0.7123233964693131 0.2814754113257407 0
0.15940722136514973 0.7389631733867345 1
0.3937903004121748 0.8792324439869064 1
0.18269871324168319 0.7121396390950105 1
0.8965530354749722 0.7178651650052583 0
0.27573540908473615 0.8484652540821188 1
0.3235393133746055 0.8801442321344537 1
0.3280062968222761 0.140256757095785 0
0.9160376005978106 0.801523110430712 0
0.10334746020232077 0.8135688263025725 1
0.987754111221251 0.469389504012643 0
0.8680562596799765 0.19485301121224197 0
0.06100289060666819 0.3385891622709619 1
0.22976260738643017 0.5272241899773896 1
0.5568163191782601 0.7911142201646213 1
0.7192412030472616 0.033033619352704435 0
0.7025722318805492 0.8485808185435498 1
0.08867135108077207 0.31063334400417475 1
0.047857713862836104 0.6062269911229078 1
0.5962812592790316 0.7913057611313769 1
