400 2 1
0.8981429465939214 0.4975231446599119 0
0.8757530651421994 0.7040412140673998 0
0.9026050454986259 0.6173107305936633 0
0.43306677347266576 0.01434400650823342 0
0.3422279831024777 0.8683320646383668 1
0.3107019417856308 0.7822828342184696 1
0.5672537478283393 0.2472206184389194 0
0.01091922620329877 0.907432764192026 1
0.9332122585582496 0.6426283113760115 0
0.21561678284609287 0.5182492613008086 1
0.8510615571100324 0.6983887629011956 0
0.7720619685949272 0.38745161944851336 0
0.21210052619033426 0.8938927932836879 1
0.6986763624628889 0.363488836892104 0
0.6128256510427568 0.3156033152848726 0
0.39457764604082834 0.038569705341867544 0
0.7731071111100002 0.4094323713742617 0
0.8075002337799536 0.23962253424505053 0
0.8567088290688094 0.024224763595724452 0
0.974062527856479 0.8470037202348946 0
0.22877068632697228 0.48839108252665187 1
0.7486177228808004 0.973011352170505 1
0.2990377701477016 0.5428970155638083 1
0.2687005533191513 0.13492496223295936 0
0.8073983344251622 0.32914370700500395 0
0.5442940784026619 0.3015336359759667 0
0.6888898582640376 0.4830043105334527 0
0.918326945329579 0.6208755524982162 0
0.9058518163832385 0.1386078454330033 0
0.9599001402270526 0.3782656445480105 0
0.27333555593575465 0.008086728975086666 0
0.0191780223433754 0.7452696793928233 1
0.7148156575920682 0.3250448795820404 0
0.20260676069847172 0.7412748131373803 1
0.9059174094332424 0.37836337963599953 0
0.8196435691278615 0.47788550781839545 0
0.8191315119699201 0.1313722134201991 0
0.46074007679107876 0.150115757607039 0
0.6306788660072548 0.10580625618987982 0
0.9364410850217812 0.3678055713679651 0
0.7062588805352934 0.013665443440731617 0
0.9546869789503689 0.7712054404862051 0
0.6465516791478486 0.07214121213311997 0
0.48626592790360346 0.21728696971740968 0
0.19090251091420607 0.7218827266774646 1
0.8623350933582522 0.49729252565618365 0
0.0017968948956958997 0.9446899711408918 1
0.2886417549069078 0.6993923717901378 1
0.09364292310495859 0.697511511334168 1
0.41798446905555886 0.8621748390046003 1
0.6743268160912965 0.38674764348078905 0
0.24289318386171788 0.6190738838493934 1
0.4565628287586514 0.9525680509966021 1
0.9983167363420119 0.3780703119506691 0
0.03759093291379334 0.23183294364795481 1
0.8158726273790264 0.6736033952890645 0
0.22544241379810148 0.35564010285948267 1
0.16891998730404068 0.5101346059513833 1
0.3731640292076015 0.045153057697882804 0
0.5664666977720527 0.19452537316993268 0
0.5826754998576131 0.9103912441141233 1
0.8119121470319299 0.06046952989070509 0
0.2840933126257712 0.9975438578437836 1
0.6001264334342532 0.39117425943724915 0
0.30222118334158465 0.6050764025225084 1
0.8985389370834883 0.47818481162387083 0
0.9677567129855755 0.7050649760015577 0
0.6139282593599813 0.10845677031646606 0
0.7841710399369253 0.9789092678735832 1
0.8789791535779281 0.06537434220598926 0
0.9922621338500837 0.25225524492143847 0
0.9709047058787799 0.2745538557838262 0
0.7498670213527043 0.09927936527953629 0
0.07263980291909578 0.8272447006981868 1
0.791572941409418 0.4844278944949111 0
0.8605527803861109 0.2861599001322428 0
0.31856396504330053 0.63633383951611 1
0.5399706913799762 0.9098456121591393 1
0.805105951237209 0.673416630102432 0
0.4767840256900877 0.05258790115602496 0
0.42739212367923174 0.8313753751359745 1
0.3806290468970823 0.5950813824024913 1
0.9350255876749463 0.6491406311601355 0
0.7826465671665918 0.07842494897360852 0
0.27102279186652833 0.6773092849678374 1
0.7072053396799096 0.33289225762381436 0
0.5069060500990576 0.13558100457225264 0
0.8671763507788607 0.1831014092252824 0
0.9847900033322735 0.17268197227033966 0
0.7385881061264619 0.9263298574288499 1
0.24889173561809086 0.3758950010154002 1
0.1272822549553474 0.8295862925298324 1
0.8887006825670534 0.4825371717663879 0
0.03399918902029886 0.9392243220526185 1
0.23194404980244254 0.11504638089980734 0
0.6417520343373366 0.9298561971036734 1
0.880007155896576 0.9901235128390022 1
0.5545235669051792 0.09816524229301982 0
0.5115891541195509 0.8057987088442601 1
0.18698784743909236 0.7620568910269446 1
0.40650274953679144 0.9980196551796301 1
0.2572039359477545 0.7907751432146285 1
0.4915974608424152 0.8531969618857418 1
0.4173521670101884 0.7504965845787539 1
0.452470313211498 0.2310160552560684 0
0.01026622935976862 0.6958232159311749 1
0.14538921509457148 0.6066077449421063 1
0.49041843875904745 0.3193809926058151 0
0.7291560446184805 0.05665687407042175 0
0.05039524806236617 0.6754322466407403 1
0.3513835138565955 0.171523408818412 0
0.763221040075307 0.20526360133788868 0
0.43255978369761294 0.1271364825477267 0
0.3979615950300459 0.8663098284563927 1
0.5663573606815828 0.8389995847259186 1
0.9817145041963935 0.5630370060700155 0
0.2655554801703063 0.8704210330532857 1
0.5673793812524065 0.1488265295876392 0
0.047798351429103825 0.7170396589733874 1
0.9829403907129226 0.8271363224793812 0
0.32565993936989024 0.48226778072934806 1
0.2238354606521804 0.4512007978098407 1
0.6617905587353239 0.19122162669767717 0
0.8101741186007071 0.25879958078843 0
0.5068153411199062 0.009545200670575293 0
0.8867485040561394 0.5910576199386932 0
0.31380934060934407 0.0810035528110602 0
0.8652932312984672 0.6867325735438197 0
0.5163535550560484 0.9273923423863746 1
0.3124282749286065 0.7407408254717566 1
0.17064314055097807 0.6550779922178454 1
0.13772302752843846 0.03356919590777585 0
0.9074628353290358 0.2577119174262422 0
0.4947001260862184 0.7745064634398751 1
0.38304039319965766 0.11774795014363204 0
0.9935893308840833 0.24041089573088703 0
0.6203387130498141 0.8162895713053362 1
0.8092674255391991 0.4405595586990386 0
0.7228595454378595 0.5571976050510089 0
0.8809712863290005 0.2191322303517922 0
0.5725355338071089 0.7396990677764835 1
0.6820858203901188 0.8939348728529346 1
0.6672887160101235 0.8560940819384252 1
0.9817748595368325 0.7789248856000002 0
0.9461510261396399 0.2892697292225097 0
0.7729455101902545 0.29996921615051353 0
0.10318592173205099 0.25752170861949675 1
0.1310911774593383 0.3390261912680099 1
0.6371133264193533 0.49641604573463594 0
0.6785187609732769 0.8718946810418564 1
0.5795764486119319 0.09493923507921176 0
0.557775978644105 0.8328196633490221 1
0.4758698441004434 0.031289777569165844 0
0.3633255003565925 0.24856407506530764 0
0.7847510701622826 0.23084492529777467 0
0.4841969061003073 0.1476962890280401 0
0.36028737287403434 0.7242768983385076 1
0.6363186216067912 0.7748460729182503 1
0.4325174473920156 0.07509947625335767 0
0.6886745287415407 0.26094351895532364 0
0.43107572242809844 0.6945413548082362 1
0.19848352515483603 0.05741542165531521 0
0.18627083808180822 0.01996153757921193 0
0.13146905831819922 0.5606144514721855 1
0.21083962246330323 0.9668168712188304 1
0.679271483550274 0.4645129169961907 0
0.04380149438836933 0.9234420505918087 1
0.8695858934995516 0.9774145791288406 1
0.625368010184306 0.4686473174812309 0
0.6343411724117491 0.8588991417006719 1
0.8188841016552341 0.6033911697651572 0
0.9824398326812808 0.2605348529316278 0
0.3247825471111371 0.15526085723174976 0
0.2813758587019899 0.15078927026390165 0
0.30031164927728027 0.15853537558905062 0
0.4940986273745148 0.21627217289902245 0
0.9552002544726587 0.2846976319258928 0
0.11579434310996617 0.6005252961517128 1
0.7024430094702743 0.5955757774680547 0
0.3305958088380153 0.6069288760164759 1
0.42813845405699635 0.8276617618862544 1
0.8369967747371649 0.679405630756846 0
0.33652383219848003 0.10497313117074825 0
0.6607423596682596 0.978567459034756 1
0.9359915540120902 0.6641473998310915 0
0.3071210861167081 0.17923196376542982 0
0.7785520699507376 0.6679927798686331 0
0.7516001567147595 0.9116162632471432 1
0.5991751530940299 0.00792217217860669 0
0.4035716333565723 0.08794576057377235 0
0.37305618819344966 0.035235703347036185 0
0.9420163871229649 0.4995433250818687 0
0.09170686507860826 0.3396847623284269 1
0.9073173667821463 0.7153400360609258 0
0.4577009254932912 0.6748670513110432 1
0.7734078151203306 0.9893954653708685 1
0.6274495466193034 0.7491101279003188 1
0.9716650807532821 0.09537725439522571 0
0.738756269524213 0.2645200187884571 0
0.41349086196390883 0.6364934831974618 1
0.17733284668241356 0.3334524349110535 1
0.13866413528854193 0.9691727882809973 1
0.5522170719342503 0.7566519809260995 1
0.7564662517626303 0.3345438049161098 0
0.3648543092556539 0.19004543681385777 0
0.8256151874345948 0.24057814037859104 0
0.9005144022108338 0.5229083015445063 0
0.9825570240068656 0.8475028021069223 0
0.668312823943866 0.9545068968764551 1
0.1762619500414233 0.37025861006482763 1
0.9039682480374713 0.40078210767525013 0
0.8152255813235224 0.5355593620422242 0
0.5126966468849645 0.6865014132961827 1
0.06384291645099949 0.6672080651157538 1
0.7353327088930767 0.2993394175405908 0
0.337700261866279 0.6236901074894614 1
0.12307914889269056 0.3072533766274578 1
0.7683358353279914 0.23597041973784827 0
0.2129650461644984 0.7086813746047871 1
0.972160533846164 0.09374748005367839 0
0.02020000954213652 0.3531062567322234 1
0.8070983645095409 0.522147641042147 0
0.4747517141314579 0.6822651133934928 1
0.5391531473793927 0.20218787481774003 0
0.7282537669836844 0.34901145197485317 0
0.5520281689426885 0.2067237615714328 0
0.6793031387789061 0.0650141276776689 0
0.7044789484006723 0.1664237426061459 0
0.19490584823397217 0.5919812547278375 1
0.8351021720634839 0.6327019966938914 0
0.3299930398992974 0.8331718979077047 1
0.6245739675379425 0.5036984069668662 0
0.8460437797100556 0.46263554079762925 0
0.8876993929369753 0.038205712460965824 0
0.8252446262215718 0.4430057005647191 0
0.8943558273716257 0.7477735966962559 0
0.7702929976177921 0.6056854801737369 0
0.988376685052526 0.2417766338798748 0
0.9859632642995791 0.1533781541410908 0
0.289610506269966 0.42849592641064993 1
0.26266213611527156 0.49537910317766587 1
0.7187379803243967 0.025554273133384653 0
0.7340841362801758 0.15988245768103493 0
0.4114022057497022 0.8610132057598874 1
0.6303380376837474 0.1544569867296215 0
0.3963414658273363 0.16052693753643643 0
0.47593006734903 0.34406911577729815 0
0.431755794461656 0.7644441051595604 1
0.9005728596726644 0.08141587370261372 0
0.13785209275887755 0.8701107847638052 1
0.48457119421606953 0.8566248557507136 1
0.5839551446050495 0.16794203834366417 0
0.37565601298838713 0.9174813506463745 1
0.5854221043018585 0.4534702496573524 0
0.540345627323549 0.30475142811303724 0
0.47140360303120665 0.8376412545022339 1
0.12772388761305853 0.9522931918369719 1
0.38687770701399204 0.9117683119569465 1
0.21919959796625 0.8772091728913438 1
0.3333817519329836 0.08211999699604311 0
0.5712037704057903 0.03494595922730681 0
0.7095179631366331 0.29041032341335327 0
0.3345689533349465 0.09130606611859682 0
0.34792627573107715 0.16280159748937229 0
0.0436593271954292 0.33678926732131276 1
0.8443353254692506 0.6147750283681107 0
0.9816759736939471 0.577936923908215 0
0.08873979545905408 0.8065848060570945 1
0.5755684486503955 0.4217122974442836 0
0.552111511286336 0.3217588373472733 0
0.31372252904486875 0.19902099449896637 0
0.009105910176153809 0.4074521762683563 1
0.37164947527392445 0.7681090639319398 1
0.4193879948468452 0.10123935940574313 0
0.21182163238428486 0.6930936311043975 1
0.43137911492517933 0.30823356133800794 0
0.35788278379527305 0.23716559395893821 0
0.32569266577767675 0.620162864685503 1
0.7678935072356274 0.6127402421588436 0
0.47917367606891414 0.21714408182472378 0
0.18765470436583165 0.5440626154986071 1
0.15116745744060145 0.3590057627592276 1
0.9167828188194647 0.17415620047226898 0
0.0296089048084599 0.2890747201846666 1
0.8950515297210311 0.5699020575152207 0
0.4860382637307572 0.3132048070687201 0
0.674884580972842 0.3202501538696447 0
0.7830874882230208 0.6755581213484692 0
0.1304738669249743 0.2830465054464669 1
0.13572849312405266 0.44380304739154175 1
0.8538981959030861 0.28028542803855916 0
0.5263896331156412 0.0063534877844723114 0
0.6907799034939941 0.006295773592897125 0
0.5943630668292937 0.9047380930234652 1
0.862653793562037 0.34155226789813053 0
0.8921600079506617 0.21702105884948997 0
0.9303171250795861 0.5385788382626912 0
0.4605986984945545 0.8899508510720685 1
0.025548657584259726 0.5010395766052294 1
0.9125383215933984 0.3149625038525278 0
0.49111111221625736 0.9944822213972627 1
0.028677778944496746 0.8480448975828004 1
0.9730509146631682 0.40481395932638586 0
0.8791361639859656 0.7070552492630343 0
0.38382587516842337 0.8495008882315468 1
0.10872745119633909 0.3489473957893092 1
0.024539718782584652 0.7040248588646906 1
0.2808961106371991 0.391270772978326 1
0.09093605200191146 0.4085060317312943 1
0.7915016640332257 0.27600199809547676 0
0.1980647039857989 0.5923853963489936 1
0.47642255921503796 0.6387275056637683 1
0.3457096635966521 0.054336064830906916 0
0.38617727113883515 0.2704402176505736 0
0.6523925817871672 0.08322075457179834 0
0.7221072026120244 0.5684318178104996 0
0.5266147426988347 0.006851840732675085 0
0.6580192442659086 0.8659469293602103 1
0.3359835288642714 0.020148630967719128 0
0.8561721933632438 0.5864522159552757 0
0.2532107987565103 0.5638039747960308 1
0.3331604841577246 0.7019781826584955 1
0.7554930116494109 0.927424750282693 1
0.4944325200085711 0.16098583993943827 0
0.2009909035282701 0.019620063133119814 0
0.49499562378810014 0.9256271641004834 1
0.2258475584591415 0.827329461902279 1
0.42407145180170536 0.1613976618459121 0
0.7052769367179009 0.1194077564041287 0
0.2709709341431451 0.7318051930528288 1
0.8009009225789572 0.5751956458276697 0
0.8412360896668651 0.6772534057456443 0
0.4073036248516566 0.2038544223229286 0
0.2826856023506791 0.8319311185489788 1
0.20663184635425413 0.5866015424839375 1
0.27357635397275837 0.9183788694019721 1
0.9288640846765812 0.17229058907028538 0
0.6917424395944167 0.8976171283625618 1
0.32968466380592343 0.7301473428179319 1
0.2083544592001223 0.3487789034834482 1
0.02160504056053325 0.16946308483887185 1
0.33869703610196245 0.5236045551295901 1
0.19121513258219403 0.4943514343969334 1
0.6480686155815196 0.9257792432316289 1
0.42758019990770624 0.785159837162015 1
0.9448370143004756 0.13310500025584304 0
0.4526528687428075 0.5643265470704025 1
0.8427808917248086 0.16910879891222907 0
0.934483863893452 0.33701228829461427 0
0.37769870320091925 0.048870001754755754 0
0.5904194260456881 0.1293774282748088 0
0.4807650852650006 0.7075090478339779 1
0.6860332863577888 0.16215758816833825 0
0.8990517898168154 0.12915207893024316 0
0.2558061462927511 0.11238582341894299 0
0.4022480340534673 0.8301507590834067 1
0.34671182771843156 0.020219306978136897 0
0.9499986050704126 0.3803641723475286 0
0.3109110309495763 0.4196483496667861 1
0.09398622286504443 0.5009066712339705 1
0.07607263023047028 0.23699448084413643 1
0.5717997539533716 0.4174632020171488 0
0.2611537202568447 0.8413548633665163 1
0.19685455456659007 0.3126341841552678 1
0.8284906603471325 0.1103641221923033 0
0.10543000162208882 0.9349220551362194 1
0.6938662089919447 0.40087527507498255 0
0.7648945108638395 0.3342926594190724 0
0.28806440710887626 0.9987064593665009 1
0.3787312853852973 0.9564552030774711 1
0.1836273685512526 0.6513473207377148 1
0.6440274758964344 0.4547139106878372 0
0.3055172276789955 0.4536818218657672 1
0.47799412520120554 0.6633214454822056 1
0.556961965261216 0.3658758512065624 0
0.9458009640871218 0.7498649189285558 0
0.7626709516005298 0.2597838982254067 0
0.8627087969487929 0.19089788121148432 0
0.7876697530585233 0.5685978742403636 0
0.7450562148308274 0.5574972023927987 0
0.25026447062332957 0.02837431440595628 0
0.5404165670017961 0.810639898589207 1
0.6569571271954414 0.8076530572855741 1
0.8297234381393138 0.6964885928187527 0
0.4746376935970932 0.2586009863567048 0
0.5598498005727468 0.7636093470601858 1
0.7845038342969762 0.4190194445394265 0
0.8332562553444105 0.2641673295832838 0
0.4085283166459962 0.8928995914164314 1
0.11882150168120009 0.46625896407065726 1
0.48752492024165484 0.9664254235572826 1
0.403758537884652 0.14455242272125868 0
0.5070212071165581 0.17729135214202385 0
0.8655549307112294 0.7287336958273205 0
0.40744054615027225 0.6200698021055286 1
0.3843828772238025 0.271724600623765 0
0.23562739846637937 0.6660754931729244 1
0.11652284275215519 0.9007136824512895 1
0.683688108567808 0.8254737530616479 1
0.5340552663914968 0.09816213529763407 0
