150 2 1
0.6944272109186833 0.05950691526044871 1
0.3244297442236974 0.68710527284695 1
0.05016579912124597 0.6056468661088473 1
0.8656014366320622 0.8747245883559115 1
0.9181265278026097 0.6327008305132557 1
0.8228136237886823 0.726979276155313 1
0.7826724388668492 0.9115220810244536 1
0.67037514789735 0.3543023485958955 1
0.8296859816530509 0.7016015664613683 1
0.30628919341223526 0.390312374239433 0
0.8913657059802775 0.35094593857995904 1
0.3441427930896894 0.06744219673304741 0
0.3306706894006186 0.2036258596979209 0
0.9770013006242151 0.3845172196666172 1
0.6619712900976942 0.34188269593330056 1
0.706479830223084 0.35813598152206294 1
0.7783278144846885 0.15735972907512163 1
0.9502363203965937 0.6999332105908586 1
0.7208292669576253 0.8991664245979174 1
0.6513934849289408 0.18579559324419637 1
0.6044622990808516 0.2161413805010045 1
0.004817622545528866 0.0034777170445550176 0
0.25401177316283885 0.2843277167751127 0
0.9307771392050712 0.03274907441744679 1
0.6305507114399592 0.24059296337478964 1
0.20403845166876888 0.18239451839347898 0
0.6475959591824721 0.8222124033578638 1
0.7671936975498084 0.36160032276120224 1
0.7667519152750688 0.1614779174245281 1
0.16320320705509872 0.045476168145427986 0
0.7382282326530557 0.716451251990033 1
0.6829787903390054 0.8913859641585838 1
0.2648352883634122 0.29553580776857846 0
0.8679646884135145 0.02541221171818797 1
0.2420938930447144 0.8570564418422834 1
0.9206832655916285 0.9166690365356973 1
0.7296675202980547 0.6143285014594128 1
0.37793374751476927 0.7832296282378196 1
0.9476355463605717 0.63015059532338 1
0.09018382365996147 0.1439998222325488 0
0.3259294734686955 0.1798171440784576 0
0.345498321786023 0.23407844605533024 0
0.021070882464769625 0.12675194895691955 0
0.8728370351315654 0.848499347659421 1
0.11951562862856913 0.7023560913237274 1
0.6347610516765553 0.3305715775374528 1
0.10262257394768215 0.9968302788120139 1
0.22380740505803776 0.9964555350367935 1
0.3166483940187258 0.7441478891044889 1
0.0867151304535253 0.2706166679138532 0
0.9371809787008518 0.8235571923633405 1
0.8677694527901776 0.6620009391469093 1
0.25912674415626025 0.03363849870157998 0
0.04730384846582503 0.31165376399536515 0
0.19667223731662087 0.7353409414181242 1
0.879491867966069 0.6707721569361658 1
0.9872269002081502 0.8207990178916634 1
0.269279216722875 0.6775555917290664 1
0.11312867994954312 0.9269406893374262 1
0.775784886435792 0.7601161699261977 1
0.15807675688832246 0.3289102629924997 0
0.12797504841629925 0.9978266965877558 1
0.04663696552040675 0.6067047088572691 1
0.05025925747327631 0.9336354348681294 1
0.2720162969345318 0.6906798471519009 1
0.33222880569419944 0.3506297334318491 0
0.6602153078457502 0.2728957810939999 1
0.8998021332277704 0.07865419476158153 1
0.9315632104682793 0.17353947391190472 1
0.36926048184988614 0.2708270921411813 0
0.9557557253172692 0.33124681720845894 1
0.2320029792913031 0.20412863837167416 0
0.906440758746145 0.7368988175352088 1
0.6283395486874717 0.6656337718493864 1
0.7227580158642194 0.2900060940301423 1
0.7704372263754365 0.8854384006074224 1
0.2700652930044459 0.9790422661887597 1
0.1962168532021743 0.6177196584481961 1
0.22310645503909254 0.7789846350610111 1
0.21260939073464158 0.9659267378575024 1
0.9626410107992339 0.612129866367661 1
0.689960347955083 0.08125764865774443 1
0.307471376094683 0.8870718091942291 1
0.2573828826978576 0.0844390110201283 0
0.10026846384073484 0.34400583218042147 0
0.9769598933429217 0.7237414453725883 1
0.08577709924726695 0.7291908313575001 1
0.8259152003412538 0.8132253278496863 1
0.8008440838202954 0.6231059612193706 1
0.699872243904707 0.8966106883286007 1
0.7308953956189912 0.05675035157294217 1
0.05281537154128402 0.3641726299715542 0
0.8134854032601214 0.05262165234726501 1
0.3185468814848229 0.2891939837864512 0
0.6696940555408795 0.27467632127408637 1
0.24259917831892508 0.28704601890391 0
0.8099770834944113 0.6023031765512865 1
0.307744278887606 0.3440039001003694 0
0.7972982541437609 0.001465367078601565 1
0.6441698442519728 0.7239153410148791 1
0.6919569663869394 0.8959078745529725 1
0.2573364848268752 0.12075846392452005 0
0.27614479119253443 0.3707099706001977 0
0.7715793179928102 0.7228743923025565 1
0.8173799427080255 0.09996957811064988 1
0.37685500660237936 0.7470042656790079 1
0.03774654259301791 0.6617248918882336 1
0.676188184400392 0.8567010121517755 1
0.10792723813629457 0.1832306482627234 0
0.926179088570683 0.29961217545868524 1
0.09815779844698491 0.862286308553625 1
0.9673998964817517 0.6621130722575505 1
0.15150578949958093 0.7582024044442174 1
0.9979457778816082 0.8108189054139482 1
0.7681820168842117 0.3425463412793547 1
0.10848863174045542 0.21986307788449921 0
0.06701286568107212 0.012204389818663453 0
0.08166502577713042 0.02745294838598522 0
0.7407382163250972 0.1289603185140109 1
0.389292776692567 0.1772463640639279 0
0.027903710728912623 0.3964185225677692 0
0.0497745963234415 0.934077151909042 1
0.26949051922806355 0.8391475251480979 1
0.1150762571394146 0.9424452076641606 1
0.6600981031320935 0.9486820693355736 1
0.7174958284135851 0.9519868942335464 1
0.22844051613448868 0.7817835925335704 1
0.9914802732503843 0.8528317373087909 1
0.21678221679405085 0.8080879138297278 1
0.8639626988493894 0.9745963189148813 1
0.6524493085075959 0.7197969763880447 1
0.14365301326887614 0.3049558152867907 0
0.1406683415486255 0.07851738413440501 0
0.8178064417822969 0.34071507826086467 1
0.14025675878807553 0.14138985020389339 0
0.833314675356109 0.9461449269183062 1
0.8680251401072413 0.11000313734611267 1
0.8105206317530619 0.914007541892827 1
0.2503465785854103 0.7002190907306982 1
0.17263988239165307 0.9311444216674961 1
0.29855465996128494 0.7928150886940033 1
0.2891933514123617 0.2764864944824662 0
0.0559536298971568 0.8429260264542133 1
0.09883559221220484 0.06178139649475811 0
0.997170355070912 0.8412774284371183 1
0.21125004585168794 0.3718308005204405 0
0.6878803409965154 0.8838783896289318 1
0.2557118255702502 0.02431948196902467 0
0.8194402326273161 0.7279875105301152 1
0.6890642646208417 0.7118682939579635 1
