150 2 1
0.5954623494757374 0.6920393276358907 1
0.21308267221301236 0.9044382495022337 1
0.20300209826029325 0.09677297287024389 0
0.6840722479733727 0.05252856464859379 0
0.4331456573676665 0.3075041449990912 0
0.6975061777097091 0.30343788676118233 0
0.5519636666822474 0.9206273300051457 1
0.9610862837810727 0.07207666686722025 0
0.5022709515435887 0.1752235436378652 0
0.7691099089181853 0.10019525085182035 0
0.8252921053552353 0.5377157162125036 0
0.9646702403332263 0.6302300728339232 0
0.3209998021264103 0.7234321044049669 1
0.896701301016251 0.49745119120720815 0
0.7343578850317304 0.35004492790366426 0
0.45606219605505427 0.21352783515292162 0
0.6243433290428954 0.8872140020396002 1
0.45273474643789646 0.09921135555476734 0
0.7398919413127439 0.7935579009602312 1
0.736607333982709 0.3351197790645327 0
0.2656775184425093 0.8543089400324899 1
0.13092820953221174 0.6517847862666956 0
0.9679644769493114 0.0761496539649813 0
0.5199650568664547 0.3430512710822762 0
0.3349978759039296 0.6731115089886724 1
0.6848594896908777 0.7410556618461782 1
0.7362086329153863 0.7116768305869469 1
0.23946490863030212 0.22043008260291252 0
0.6635486441245362 0.003414601489206248 0
0.723043541388115 0.9209477946354666 1
0.5574125040530813 0.7986091875166029 1
0.2495743141723532 0.405288189996991 0
0.39209075747621125 0.2884243942496849 0
0.7870028236529689 0.4626785750904121 0
0.34032338547179275 0.06485522982057657 0
0.4908756491073101 0.23023109649728501 0
0.982245186565162 0.5447549841474585 0
0.17198891686591544 0.555528994505878 0
0.5330409657280544 0.10335959969996855 0
0.5259505035030199 0.7162890852093629 1
0.10088934279324646 0.376166416592432 0
0.5018487805229171 0.3415618137330134 0
0.025290865079629743 0.39630574346743364 0
0.9415408961208005 0.4083065572327115 0
0.778009286375921 0.06560532053594514 0
0.42228221451301406 0.7071168572591088 1
0.03996633896644708 0.02659254868099825 0
0.8366228262052269 0.3606666607566146 0
0.09976106294934972 0.675919047102692 0
0.6562207112658587 0.9288887359503751 1
0.11353463302319555 0.23441187516655027 0
0.880170816988921 0.3055185335824627 0
0.9124509753818264 0.4962560548821203 0
0.16270640911491663 0.5101687054820571 0
0.5627049353185151 0.11072426682394043 0
0.03431801576091342 0.19285988508828567 0
0.703473326131604 0.17794296935531273 0
0.5867055223052543 0.35864847715314074 0
0.8674064380322859 0.29878585484807385 0
0.1337861744286376 0.6478014254922988 0
0.9003119801453628 0.1333127571867443 0
0.20268805018733804 0.5164621228224177 0
0.44081799624480533 0.1292698293738621 0
0.9249070256106453 0.10944657977436756 0
0.7113896020444088 0.7293579255063336 1
0.8874014623098062 0.6535850210043087 0
0.9555156059749866 0.01833721754967621 0
0.8162247404821974 0.4432248712510919 0
0.13213986503429442 0.9687193934452957 1
0.8618805297184535 0.5419598089662223 0
0.7885121351065769 0.3264203063363448 0
0.6703414516653046 0.2303436088960732 0
0.5481023388656063 0.27576820675354585 0
0.9148930902071506 0.3607050878001604 0
0.34236584054324926 0.020122909180589343 0
0.39897035001397374 0.09733553682155693 0
0.6705936556109954 0.15909069851951496 0
0.4561287308618861 0.37966621565714465 0
0.7488646500353617 0.36977455321078756 0
0.05090525283768643 0.708257385705776 0
0.24601793994191878 0.75670156583641 1
0.5573631378979645 0.2069828316375869 0
0.42676798717474473 0.8359149693724471 1
0.23874347549453234 0.9512061692586253 1
0.359395552510024 0.16763640391357304 0
0.4860024915744495 0.005983065652851227 0
0.05052792123953831 0.2063055804308983 0
0.8168087673405857 0.35769053800680384 0
0.3824395721047643 0.8794114564307987 1
0.9512638572474706 0.777859457139374 0
0.5930035177982956 0.8530651171101451 1
0.060347394635426044 0.7639209560221727 0
0.964035618978514 0.01791065772676148 0
0.23259655388042144 0.1932658887425347 0
0.10717717558312967 0.9550759749283315 1
0.9797025671178352 0.6959289296264684 0
0.8894247985686756 0.6493679202643013 0
0.2431394009189688 0.755373831941222 1
0.5341703537097955 0.844009165615721 1
0.44057410226217353 0.8785165359170677 1
0.371876279490143 0.7853521343137344 1
0.11099311261808431 0.9437074181965958 1
0.07498119189148222 0.4762707584240854 0
0.525290659931906 0.7713304648916811 1
0.7417305989169812 0.4933157660465094 0
0.2885679290688792 0.08503216576459527 0
0.7188516204400667 0.3858249773067235 0
0.004481139522127919 0.21736717775847825 0
0.035724069079677734 0.5119274261561512 0
0.1387433313856129 0.8746648162197224 1
0.9118428391470313 0.6101734106197264 0
0.8770130634455787 0.40971932358795826 0
0.294402461568116 0.9648967618988794 1
0.4682679147734007 0.36370524466425247 0
0.6431761181843832 0.8879228928228596 1
0.5822198010707886 0.28976162108159365 0
0.3411152778639055 0.839219009993451 1
0.4661230645714173 0.6895695596399198 1
0.20173066452498511 0.8343740999413842 1
0.08041423210125087 0.3505888897553253 0
0.30660876315670405 0.3071994496365398 0
0.05948735847781683 0.17011409453906312 0
0.1361362900513764 0.5996744885797589 0
0.5640747724822774 0.8793655263747094 1
0.21797861357733406 0.07528309578007142 0
0.4370393611092409 0.3926774570465785 0
0.421285836021444 0.12560331218206722 0
0.1368208346397516 0.35417374838868554 0
0.38241887217458626 0.35499293527881004 0
0.632092197492255 0.42661788916939647 0
0.033420024294927075 0.5882101010036885 0
0.6252443228659557 0.09896644916636743 0
0.9280727003986899 0.11849143022949427 0
0.059353219879472174 0.6409321254396405 0
0.358472016605509 0.07111459108267604 0
0.49168800311942673 0.9761105342335411 1
0.7031377951683736 0.20578032008151836 0
0.14814193205735238 0.9228588166659443 1
0.17969607192454673 0.45731316700159796 0
0.2645954546263136 0.1350240702405322 0
0.9012719512299417 0.08118628222992508 0
0.9163871252253919 0.4244794251559043 0
0.5211402870792627 0.24990429837271688 0
0.49097959663626844 0.7579428462734193 1
0.6002287519104239 0.8146706015758265 1
0.770086849021139 0.943639576087837 1
0.6286234997849994 0.9298349243719064 1
0.7835109076459615 0.1446180625771839 0
0.3370866598192923 0.25553044156351845 0
0.25878413238222764 0.1255294697434245 0
