1500 2 1
0.6911649594082825 0.23945274917627346 0
0.6391411950612144 0.6433156844026789 1
0.5813531455912754 0.8471112613087488 1
0.6951110615774038 0.009289147023101463 0
0.5506982587446855 0.06949593099207696 0
0.9814929770016008 0.839411870254892 0
0.46154135566643006 0.6382053658723467 1
0.020943527407586426 0.376434881726867 0
0.00682038567049037 0.24355800065378297 0
0.007442741076995607 0.48677283305684493 0
0.7326560293525237 0.3337538861522633 0
0.8329302645264032 0.11035722341001786 0
0.5614909160352306 0.6111357832205869 1
0.5526671204041272 0.612463735757042 1
0.7066325023143704 0.35211120756525727 0
0.5235084150768559 0.25189391378149295 0
0.9421897569145955 0.5340954547167023 0
0.9971805997201846 0.7347139556666149 0
0.13196548070593994 0.4181975856674621 0
0.5935053956672928 0.9144914081234072 1
0.6974730862752809 0.21834321176474336 0
0.9742894267397063 0.8341090952047229 0
0.042876575698494235 0.19417041469762286 0
0.742812142988037 0.1897569256521785 0
0.06587150654522067 0.6506707806313051 0
0.3685933130588912 0.035697487586706544 0
0.409520060423201 0.06279497063566553 0
0.012518185683081606 0.08550884050517527 0
0.7607155859773403 0.9438246533337724 1
0.4739665232487935 0.09540420049667031 0
0.3268863461593884 0.21496771769840362 0
0.5166430668316367 0.7188482076662857 1
0.541973159935369 0.6412894149904214 1
0.9594614847608878 0.33451649964036023 0
0.012229978197285218 0.8673712605434123 0
0.1175802001898536 0.4452494377018681 0
0.153817052933786 0.6024258511888793 0
0.3995370355986436 0.218219325276508 0
0.9479796017351849 0.7207886634117687 0
0.4207063070904662 0.3286778241533025 0
0.7406494717524719 0.3400621001630444 0
0.3834766145426127 0.901000156836483 1
0.426604086713278 0.9100219191056478 1
0.3548213844088124 0.37412149188279353 0
0.9739688270033376 0.7681117739828219 0
0.06165239409573986 0.4334027646666445 0
0.9275414076333135 0.268889112693531 0
0.8615986515053884 0.9578381519464931 1
0.044725780291693606 0.33878635752473985 0
0.6032990348095341 0.4102277176755621 0
0.054353329398129424 0.32217224273105094 0
0.14746790167722745 0.13638599153169872 0
0.7648184008025964 0.9133513260440006 1
0.7588310860629893 0.9189471347113549 1
0.2906062907466769 0.2833810795804249 0
0.9709365556463436 0.45677464854503425 0
0.0959752272191784 0.9638219401908678 1
0.07584373002775657 0.42768953064889714 0
0.9185461471250276 0.5186323694320873 0
0.5631315695369138 0.6388434744250675 1
0.19043570228227535 0.44888042091447644 0
0.6893999849206868 0.1541168228589157 0
0.27763234917316315 0.36526837390027167 0
0.38289327485981484 0.8385436247191523 1
0.3330859342380923 0.8711824709563925 1
0.33987648564132356 0.3747318113179514 0
0.5968550064342351 0.6472097739909247 1
0.8550988001840832 0.07652013730677876 0
0.9245428461206127 0.43876568897548607 0
0.6672487244296658 0.03426211785911226 0
0.13673527434918564 0.3902746499836318 0
0.9424783773470702 0.49079422681650486 0
0.0066796722218741555 0.6375536211838815 0
0.16628458717328543 0.2900865355494304 0
0.6524643534129553 0.22671173048599758 0
0.3440557667566283 0.35603150490680513 0
0.9575866863813081 0.3963908466273188 0
0.32809469706991234 0.8625466745630457 1
0.6442117276241227 0.42376662391180453 0
0.03525753993307712 0.7746749550979559 0
0.9343615020130377 0.04566816103143301 0
0.5160963098152807 0.7909779994217291 1
0.4892711146998404 0.9569969005672315 1
0.517848329948519 0.794686529901224 1
0.8883679968733799 0.9165693171064836 1
0.1098748589972881 0.6023966502336209 0
0.3627338561616632 0.1676531619600079 0
0.5184581664921126 0.9044586978371423 1
0.567878898649825 0.4050955458799135 0
0.29386309409010536 0.9138409056805505 1
0.8880448682430814 0.3241520377520847 0
0.10353914490400062 0.03582330121264654 0
0.6440340614403441 0.15891552526795205 0
0.4651534190733114 0.07114143217751867 0
0.10223827505124805 0.2846620973054633 0
0.34406186728141464 0.9381560438978273 1
0.8511665649065969 0.15416188203315262 0
0.06828666250971804 0.5313099734155875 0
0.5354615240459097 0.3841757095549281 0
0.133086841061699 0.9532783239268113 1
0.5454874784443028 0.6576986672844118 1
0.7928407145773262 0.08745160589523493 0
0.0870076675302045 0.19834717272396185 0
0.6864108718586868 0.05263188066530111 0
0.918134817253445 0.5183952290170378 0
0.6007877408787399 0.9733155732530605 1
0.2743004242838183 0.49688206282985314 0
0.08470162905991974 0.3366606565459458 0
0.2494709983457717 0.11113095478873547 0
0.9827532449481051 0.8140474028130057 0
0.05111437851702849 0.7327146153987948 0
0.5606883735540997 0.2550334859533905 0
0.561581259887894 0.28544822121051405 0
0.39829906094951395 0.19949911399364695 0
0.9229478769932881 0.06934841247734624 0
0.8649306061683752 0.02427568529580837 0
0.3326692387726775 0.9996748345703789 1
0.6292969103260374 0.877892192802793 1
0.24863307322377992 0.26348428793388634 0
0.45445763424248364 0.6530836799681166 1
0.12706191864788874 0.5314248180524639 0
0.9062531385254037 0.7232866634626625 0
0.6938592536145037 0.45706517020028925 0
0.4546040843082647 0.1431404438576993 0
0.2780157861700592 0.3324429697220662 0
0.595170446935239 0.37660728019400846 0
0.18849929582686764 0.23689897566985707 0
0.3994990486902955 0.36241222751593594 0
0.5069166140613527 0.10067438175569055 0
0.15407901238490573 0.11309377442825941 0
0.31697289047086774 0.43627563523215585 0
0.5457046361497199 0.8198333089575004 1
0.43503066226131826 0.7516676496833289 1
0.3134939542573003 0.09410896770661081 0
0.43684179760924124 0.12049975141428904 0
0.4671118799633519 0.38218719542727597 0
0.6750381493924138 0.8418471575285449 1
0.570213314997326 0.0808690164239706 0
0.6193058542860622 0.6839139556606004 1
0.7681861286342307 0.8479751883014045 1
0.2829258775038622 0.7418805377223111 1
0.13505431496143505 0.2100303238390756 0
0.11456387286917957 0.23629530575506397 0
0.6040704909571354 0.1779543526284345 0
0.7980662388876719 0.0207479830221734 0
0.8351501079668591 0.1954921727595348 0
0.08319284832436535 0.47320866090504576 0
0.22820522507718022 0.7802052469152353 1
0.26986336601184246 0.9067121949691801 1
0.6434909634193094 0.308734013683177 0
0.31195523554208515 0.03536055164143459 0
0.9734750487739546 0.5998401135421876 0
0.4236885328985932 0.14041395565385595 0
0.4583018349146911 0.12992039181069748 0
0.699046438276639 0.3427827000404826 0
0.5095355576579788 0.20960166898404686 0
0.5984823332470712 0.15085449716988453 0
0.376283562448274 0.9083799665992078 1
0.14788949554349995 0.8813226851541549 1
0.1542098149234855 0.15262900944733626 0
0.8698141771777304 0.34802480992843965 0
0.39733608201844095 0.9707011533938792 1
0.2725324958037355 0.1680286929666457 0
0.4432555792131403 0.7569284444782419 1
0.9034726908117376 0.22658290552141114 0
0.7452879033365959 0.09166411989001322 0
0.39336218598980854 0.01244284454858402 0
0.9197156118779322 0.06378134627577892 0
0.0284653590678815 0.6824714114992555 0
0.463862780137701 0.6992642488052149 1
0.4578098577472607 0.7099279987324671 1
0.3478976734641789 0.7679578557492754 1
0.9809091251754953 0.7762623349982016 0
0.19517837297462592 0.48763474616972924 0
0.44831868437506817 0.10042172240333758 0
0.1792746695620977 0.35285832793928884 0
0.21792941024075796 0.3299200657084653 0
0.23894275229287476 0.19841790160671313 0
0.4455232064105049 0.7710486934259138 1
0.6807691229168193 0.3183868497862592 0
0.9726092473989485 0.6617978845377058 0
0.2463244903944456 0.3771310300937267 0
0.3132951440411309 0.26134700036306857 0
0.36582723662515293 0.675051996161196 1
0.2139232788191986 0.17095051062211908 0
0.5246743120081993 0.14961696828764393 0
0.8211010843997835 0.8370243707442233 1
0.49873652029970805 0.2389153293827505 0
0.9469324947356207 0.08897490845483325 0
0.30354797262009303 0.0480515234012413 0
0.01852394790428258 0.4393704843182046 0
0.9426329704991467 0.76379954150356 0
0.6349525337357947 0.828895766170957 1
0.7960395355482044 0.4570628427241644 0
0.6612432385653694 0.7973821466057208 1
0.39951332809121964 0.2303040064951396 0
0.5788248385555704 0.09372345467833787 0
0.4648060852976156 0.6085418364904605 1
0.40847768479279134 0.9265994090903541 1
0.43191032647323957 0.29240686515320335 0
0.054710801775531004 0.02590362966352011 0
0.5449848937275382 0.22608863283359548 0
0.21042561129091952 0.9916062912849996 1
0.8365399510010088 0.04639134677443213 0
0.2532980980916798 0.8374949824736547 1
0.8886941834105864 0.05255140821609572 0
0.7570112026778707 0.04646055889274159 0
0.5753716595574676 0.40648386379587953 0
0.8637451481300911 0.47901722110921274 0
0.26144730333959454 0.8204423302643634 1
0.982445808712995 0.7511147194766009 0
0.09603114444672511 0.5034701266070418 0
0.10256941066800773 0.025616982767008634 0
0.5316907143927103 0.2812320239868312 0
0.8793736570892913 0.6000176533683282 0
0.6627318353478586 0.3643410600925011 0
0.5582353149441732 0.2550133415774285 0
0.4613857360096195 0.8676675766018085 1
0.6259825760004016 0.8595869699208765 1
0.6661262594057431 0.40986003315652 0
0.4580847936488074 0.3759332836069865 0
0.4734345188205914 0.6397342279547485 1
0.187190784321128 0.3964848318998049 0
0.7929286983052971 0.34755944963939867 0
0.9908437214360204 0.4835381089532753 0
0.3741854869482235 0.9516482416602217 1
0.1592477120043112 0.9446852231040571 1
0.19588476426287338 0.3465177084963731 0
0.32236203605606684 0.9554203823844579 1
0.8672151575573633 0.47800687168776346 0
0.8998916851739415 0.6212559551524541 0
0.032798234553666816 0.5543563292992049 0
0.4904519965923626 0.2590378054207504 0
0.22004281264273262 0.1134619335398217 0
0.5915771364181065 0.6315958917808736 1
0.5376456911871718 0.8242461348288888 1
0.21799482816436266 0.37270390522736396 0
0.2699038421655292 0.7581522129908754 1
0.005784296613767226 0.15673325071094524 0
0.2556133742757132 0.4487054741060319 0
0.7474646116371891 0.1490947899276891 0
0.5092895024627853 0.1798239214643046 0
0.9318046118421748 0.05876164135566042 0
0.08262534178466518 0.41432989309925283 0
0.640205251078579 0.7643441445965701 1
0.6023746376056778 0.41023532081918745 0
0.1578717590142079 0.37293058528559986 0
0.4686630713764791 0.1813391381720424 0
0.26945716484192284 0.9771586158684138 1
0.5157260869565071 0.7741815895316533 1
0.3313578507751892 0.06950825465002619 0
0.1551811927441048 0.4080121752943143 0
0.8489790699407708 0.46564782425513285 0
0.8335841379125039 0.0740198597070113 0
0.6744675631321873 0.2789250200072637 0
0.4324180652792382 0.3883472598141481 0
0.27599820734824554 0.12521894658304777 0
0.6119906298051454 0.8501362666338469 1
0.8671257348235806 0.9204632936982693 1
0.21838536663810693 0.9195607301222467 1
0.4617467275501682 0.7113426991434432 1
0.3198501631861228 0.8577068384421266 1
0.9229328720615326 0.2174732367418154 0
0.5806075753377475 0.7247352980072318 1
0.4356658686594491 0.955784356286719 1
0.19910602415590217 0.24012021666745165 0
0.3504336365049884 0.7301090163303751 1
0.3620983317425124 0.34758609666758855 0
0.5405287962217172 0.6530161023894233 1
0.5272407409237333 0.30528377452318245 0
0.4988965044496241 0.7498837878873627 1
0.17606257808244508 0.19769684201867754 0
0.8118493060907747 0.22975391329495443 0
0.8975650945019384 0.957560836594187 1
0.12714905180863056 0.33760838955333916 0
0.13616743499025974 0.5130238884193069 0
0.22957653480492257 0.4503853120624125 0
0.6805735423227003 0.9750189574404371 1
0.0791850287989323 0.28722731461109186 0
0.565740380473707 0.1822031028240858 0
0.765397794693566 0.238917284366576 0
0.38847178763617496 0.3607361366349965 0
0.45415451987633926 0.3757062015922391 0
0.4336899803667924 0.8982702138884879 1
0.7733605891608758 0.8522475548361478 1
0.9261962528973793 0.7226486709189928 0
0.11835899057650057 0.538049965454064 0
0.7918863778101267 0.1276443632221419 0
0.8669787518802768 0.2341060345621928 0
0.6786791216135228 0.1112574188584089 0
0.895801441012516 0.36690342044384094 0
0.25407923995692994 0.726311912337991 1
0.49961547609383516 0.9527760107111121 1
0.34784999495923674 0.2944019084087237 0
0.9793768044294225 0.689330188311733 0
0.8918788798641676 0.9755282150703175 1
0.249832755927052 0.19974877622687426 0
0.8454287772591823 0.5917616630923339 0
0.15481358878090878 0.2661762899173985 0
0.15774840081688235 0.07123081221294303 0
0.138065194825561 0.8812857268906841 1
0.8972852292746776 0.3205300008907973 0
0.7548978773520986 0.29185938949763424 0
0.7460543304337506 0.9034724109958618 1
0.1781301684832476 0.9243607402955148 1
0.44788472155588477 0.7144907133326964 1
0.5459412559833542 0.02870851462546975 0
0.6840789500159342 0.17635156457879964 0
0.07350234985023896 0.3740171730072245 0
0.025563232416720094 0.31530493142729876 0
0.11990290789748759 0.6706436028863898 0
0.18578222836492453 0.9375334951493299 1
0.3052432542546133 0.3392521881958831 0
0.97359921309297 0.4474255488773252 0
0.20067936641499262 0.987788678816377 1
0.5565217688930865 0.034539063583076235 0
0.29688730410121367 0.71464317933482 1
0.3634267068831767 0.38208545568293406 0
0.40420615713414787 0.9508318510550804 1
0.5252500610143489 0.9087027824493458 1
0.7757877123581212 0.4875862584137951 0
0.3965976878474846 0.049387426761786535 0
0.6074360984601113 0.32488343130421293 0
0.46409964275947657 0.02215633793080951 0
0.3329978056860755 0.12341855059224482 0
0.19210682523449718 0.8967023724077534 1
0.2700161454469633 0.3043174478300694 0
0.18312761765604413 0.18097525394019565 0
0.17289820965917102 0.15129501856137284 0
0.1331428926498519 0.8931259088748426 1
0.39512610756656197 0.18853063069280263 0
0.8570091157516084 0.5085283130203977 0
0.1934156571890373 0.02146230676874139 0
0.7173881273391935 0.46705784965862607 0
0.3335608357595762 0.9797748470582299 1
0.3955890498134156 0.9392533799948989 1
0.23612995217590294 0.5161572309328611 0
0.7530413163215606 0.757159411753009 1
0.6436535442361602 0.11857173813238697 0
0.3276997015657481 0.9044260321786136 1
0.6010507777981406 0.907406480349906 1
0.3970491079544153 0.3547453612983714 0
0.35676193221007213 0.9209894009206504 1
0.48076439383114566 0.2625472010176172 0
0.7321725389499015 0.7301042663940697 1
0.21948242052661893 0.3189459189383903 0
0.6872783267841406 0.3207477903202328 0
0.7429229696350131 0.975378418483123 1
0.32366292533433183 0.1565626678687807 0
0.48797011806747226 0.6404758243405226 1
0.14834147370553863 0.03708778390744105 0
0.7742890467313763 0.7750932131538912 1
0.9469546126081048 0.4965236543742352 0
0.7521004228011555 0.7651065991096587 1
0.5663477028774978 0.2867322317555385 0
0.9601447547437966 0.3638356267561602 0
0.960765403632051 0.6880890172561195 0
0.12673118188534183 0.3301224752760049 0
0.606818410600964 0.31171084710198416 0
0.5179305436584255 0.965440760414592 1
0.7355933598559539 0.9567861717681568 1
0.04190687973210794 0.29788388228980633 0
0.9695891668390487 0.09390509891228827 0
0.9601608853421644 0.536168971642696 0
0.579371859967105 0.09384291275059342 0
0.8998923405446875 0.5926396271478478 0
0.1394348298126159 0.5094881188122974 0
0.3384563630291717 0.9912860086295168 1
0.7181414423889778 0.9101198170741425 1
0.11326156413414568 0.176521345385368 0
0.23071441933241255 0.756382644300565 1
0.006735962514102245 0.106950923559464 0
0.21711146131304637 0.2360146376813721 0
0.6636194143816092 0.2704212552362293 0
0.8285091551428504 0.2579206157769729 0
0.6936220166341202 0.9286560732136012 1
0.15651356536301642 0.2809658972205309 0
0.4478809440483539 0.6079749875081937 1
0.6966924633446323 0.17686291389811337 0
0.6459260033953614 0.21860107749248037 0
0.5302074500943148 0.36036469146284533 0
0.14944639981853736 0.5289168719566074 0
0.4614592202010378 0.08718763427593912 0
0.12495326548815266 0.24233634571868723 0
0.47230642119206534 0.3691197919750927 0
0.012928498862878057 0.6944993115337352 0
0.6050028269211939 0.22068810728044252 0
0.7388974364009363 0.7973387449706245 1
0.8597646625023567 0.4243941100845534 0
0.8923932311024678 0.45750693994515534 0
0.9395730743104109 0.7638569810630734 0
0.8226671619882868 0.936573511343685 1
0.16604627225189217 0.16182601792230744 0
0.06949349218624423 0.04753242628710186 0
0.10052252197722278 0.3240243963285925 0
0.2455303183094566 0.44088924672698093 0
0.05991670874797361 0.6912128723967863 0
0.6109645903950507 0.8522987895376695 1
0.21955771206664498 0.04512163416011894 0
0.713167852769923 0.46841530927702213 0
0.660514527427454 0.7693521855090688 1
0.5094830163358909 0.82735837140836 1
0.4345901878707932 0.7219847918005655 1
0.2804844515999393 0.2553731296070356 0
0.13998074216405954 0.4867207034029496 0
0.5947395179711255 0.3311937027639239 0
0.7845025562296872 0.3611261924054492 0
0.5067922580733442 0.08654813301977315 0
0.24627029011956258 0.8479373594547935 1
0.09780211551028173 0.5570770453333186 0
0.6858004228604488 0.09039104136875964 0
0.5213355290834026 0.01389113157010713 0
0.8800008056785965 0.06608497788177259 0
0.11383698601266701 0.49795116092866587 0
0.944379327527356 0.45663502788851285 0
0.16138274983969536 0.5129560742430818 0
0.5720079298868899 0.16512795539952774 0
0.3307649314457023 0.8349035247712057 1
0.4901180593849196 0.7745040705739945 1
0.9420380607901973 0.6334622541595053 0
0.212955700066345 0.07230698490021492 0
0.7694698701996731 0.18265899837154453 0
0.9135420133386791 0.10788854990625696 0
0.8737740632986878 0.004592791147792208 0
0.619138466364141 0.022778497479874926 0
0.33854415013515415 0.9372182022768888 1
0.10861940307966356 0.09944586513828435 0
0.12001048182572027 0.2683377165946349 0
0.4747582984981076 0.8953864360225249 1
0.8627448987056939 0.9767073564017864 1
0.5380685170544878 0.7570490854515711 1
0.8744764914923568 0.6388988663943342 0
0.5543097086692675 0.9418720385913572 1
0.9364863370838055 0.5905489791946628 0
0.6517788760930973 0.957232339039593 1
0.2918928262943752 0.08315312236741879 0
0.29067680597452583 0.3641325162482353 0
0.5664421918380627 0.7385011671100034 1
0.31671094364839003 0.20898313655709577 0
0.9744395795469633 0.015508055838416968 0
0.9881224494751626 0.07124740590241241 0
0.035618007298236165 0.0191816923759629 0
0.3934821628131391 0.37360530575579676 0
0.44127755458263085 0.28833389538050613 0
0.7688038765039111 0.7984391658674257 1
0.35370395220274786 0.03318604236518141 0
0.1765973249650834 0.9946475704740171 1
0.34874336867036504 0.3207355264300662 0
0.4921210601305225 0.7285971327551051 1
0.021232206974255208 0.5126686250730053 0
0.1476631246470309 0.020003076280673215 0
0.7903358531382787 0.4847483076649517 0
0.9570937319091858 0.10593749306907996 0
0.5228098739372459 0.8721637302364506 1
0.521219832213271 0.6471938332074887 1
0.5791717897418458 0.3281353389024917 0
0.9220973887335014 0.9889249268043916 1
0.7335900205943303 0.9028550209708951 1
0.22518276617726052 0.06786121373881704 0
0.9606078810827343 0.7113852714149272 0
0.7530999051886466 0.9439022469617238 1
0.003834492880683049 0.5388177157792376 0
0.7132073179260013 0.7656198813463109 1
0.6516083786596585 0.032025740742824604 0
0.564279662810203 0.06916150867029436 0
0.10917492392626216 0.6908099998414633 0
0.9364564725681056 0.7512224439544338 0
0.0692374606109124 0.1905976734250736 0
0.1798886531913445 0.4998019052746939 0
0.09426022852506633 0.5293026144002697 0
0.2291590321279704 0.31068546817678777 0
0.24521994836237015 0.07294789653373746 0
0.3105047092605948 0.0029917943845818584 0
0.545794684577629 0.8571906919075587 1
0.6727724481817425 0.1545682260240786 0
0.8547525209292445 0.3737495131460631 0
0.9274859128931675 0.594584219111109 0
0.08373205938511119 0.7407279446410052 0
0.4256078353133407 0.029481942835334563 0
0.8813595639192154 0.48584223408712324 0
0.007619871081184115 0.5786136600755103 0
0.5413424593111348 0.23217314331349315 0
0.9917008158431098 0.029204222673819613 0
0.651068879948648 0.8369741275470662 1
0.0008305614104532344 0.7587519212778504 0
0.9277397932238506 0.5984030727494335 0
0.25408714658469256 0.43162629448090994 0
0.6603622449199464 0.974714762105213 1
0.1909204331345089 0.5698135445192059 0
0.7391097873035651 0.35026079302939195 0
0.8981787309100322 0.2535155893295905 0
0.24496860729029135 0.3040366530035704 0
0.9328581922308108 0.20971634154086116 0
0.03776267816267109 0.4243777518876266 0
0.11935994559894669 0.5114113703214785 0
0.13243804686938165 0.4927580349630807 0
0.5124986482547511 0.8973063531068098 1
0.42206803800341375 0.15716153341721018 0
0.19624567941981752 0.07574982549236708 0
0.32918872077398365 0.1032933518351351 0
0.41788395279988944 0.6640670202229789 1
0.6021692993470428 0.051521412429903934 0
0.01697827782780703 0.2131459316066019 0
0.03420238147902721 0.2301374823574297 0
0.24259889227616316 0.24147254768190596 0
0.5954695015755102 0.9437006457479632 1
0.06392342151094121 0.23309504963548633 0
0.23100418410502244 0.0006934902183929337 0
0.8450191292741063 0.5085174658721704 0
0.3573336396207113 0.9566588963176699 1
0.7941874505269125 0.2834337312854812 0
0.6822755587311548 0.12244806919852746 0
0.27701778183244974 0.14676437815073007 0
0.06110497304518048 0.3807473780108357 0
0.15990286753609195 0.4263504469507535 0
0.6481568468468216 0.3608475894841654 0
0.4511521424084015 0.26302526313579677 0
0.837512778314934 0.4944316148790481 0
0.39591206933866163 0.8023680713588295 1
0.6781967734851823 0.8812132028023917 1
0.781032546383698 0.19764357779762187 0
0.3665388873133485 0.3526692067320305 0
0.5091143176009163 0.14171557976100002 0
0.07533872283456566 0.756262855366207 0
0.830704321978116 0.1819098428131084 0
0.263422130342414 0.28721127298641425 0
0.9916118720408164 0.3666699261815053 0
0.33742123945492786 0.8322168806412403 1
0.6550497972787113 0.2681773550490396 0
0.4631769420386277 0.03605836690927 0
0.6187334301593762 0.8863895570633312 1
0.34659101516890334 0.370862258735443 0
0.08097000589912395 0.4360755250595659 0
0.026592526082794832 0.6821357646072777 0
0.07063779214603094 0.031077377751982493 0
0.8438906996686674 0.4939852822438937 0
0.8375792626269105 0.8664796060755638 1
0.859192823635809 0.8655134539858071 1
0.03235739305243557 0.5126302261113808 0
0.3755336436246888 0.9310761512428052 1
0.6220150183770928 0.2879016251934887 0
0.6200716328969191 0.9206968000923805 1
0.7886713230038731 0.7890792494259637 1
0.8285727799134611 0.9879873995279186 1
0.988680945422253 0.6668234864035647 0
0.902003040513108 0.39276854908097814 0
0.3579437141210545 0.955726562569169 1
0.22576998608227217 0.9130631862549518 1
0.7405303980800139 0.1477724845083127 0
0.3195571625896513 0.3157547277731282 0
0.8896198200934727 0.9929204733391476 1
0.2896936025147109 0.8896595548208985 1
0.1346416050123741 0.35810324839668506 0
0.817849949494388 0.8285486270145968 1
0.2986460741134014 0.754000937806861 1
0.3943804478390468 0.2531944113940596 0
0.266938919020993 0.44110293761954755 0
0.1922932249231184 0.20404437966217692 0
0.7500705138153687 0.37274223641920157 0
0.3699258114194022 0.8041397866474952 1
0.11048071839007423 0.14618650868451133 0
0.9591636234925808 0.7176647806590839 0
0.10992138870493362 0.23764629196568554 0
0.510288401021857 0.6790330673630227 1
0.7293225655375464 0.277416038232397 0
0.3522335242365072 0.7709216198223025 1
0.6713419352905882 0.3534988519785708 0
0.8261838704229748 0.8833772580801514 1
0.007482816988091723 0.8252525583856175 0
0.2324307679859533 0.4665514689754592 0
0.13062608240893325 0.5997107136121473 0
0.3317216869465702 0.7357099143570229 1
0.5934559726361966 0.9224421741775045 1
0.280061158315247 0.3022837928566625 0
0.7620665056667562 0.49528301584366896 0
0.193254704470894 0.938003178133777 1
0.6304424652792086 0.6484499482781685 1
0.8202151991792545 0.956512498612803 1
0.14676325211265662 0.5471607435877752 0
0.8412616193506273 0.5172535873136909 0
0.9800082666874961 0.6178687416121597 0
0.5377327778401478 0.9215146377898399 1
0.20399676981080606 0.7840515999304324 1
0.01536751055276242 0.060397574105347074 0
0.610791569959881 0.397604508074355 0
0.781276706291632 0.3045546428584468 0
0.14737371440708835 0.6357507343044393 0
0.3758131830631952 0.055473108809414806 0
0.12902751260002276 0.47516674527538116 0
0.17260623675548603 0.09914274936028622 0
0.0821474876351237 0.46089032733528423 0
0.6872596538008131 0.7272797166053661 1
0.12613777732671827 0.0055109298747682 0
0.5707323166706605 0.8812162713193303 1
0.6436305087733036 0.07462740421855774 0
0.8297666744938842 0.01833315270349334 0
0.5642177326135696 0.14097952951380788 0
0.6919244904791992 0.3915668960989569 0
0.6311027189233138 0.40899514484410704 0
0.29896050222368 0.8421681724148522 1
0.10796960472335404 0.2734923742444523 0
0.9178272359904251 0.006385066270521156 0
0.9218971643433616 0.6016597600238114 0
0.003550858301413662 0.7426578306620202 0
0.5795542989041043 0.027690040626040524 0
0.8837958317301944 0.027804910925700255 0
0.879219664908407 0.2103753702508242 0
0.13613175215291107 0.08940121974147419 0
0.06927280289716053 0.25385574329038485 0
0.3987276057208541 0.2907307272124209 0
0.6324279317556527 0.19198332536642138 0
0.8348349232139904 0.9980292114535194 1
0.09981434737069173 0.5486480904681483 0
0.8192795959246935 0.9610395532687183 1
0.3970810368330353 0.015350524153274425 0
0.7098663999464152 0.3658363286960927 0
0.6835035976383526 0.08974010872545513 0
0.21557986503320692 0.5304537928532688 0
0.15656744669063904 0.196975929469693 0
0.6514090978780177 0.9103877790379984 1
0.11720015235463765 0.32341133797308286 0
0.205508875637336 0.18397166507184803 0
0.9058854006519403 0.5107188715087235 0
0.2894442541918498 0.17361156615413686 0
0.011258886604264329 0.7453197653717133 0
0.04010137507102818 0.3377252727053446 0
0.1380521343237714 0.2286056864513516 0
0.1381674177952501 0.5002986275861375 0
0.7174568778283117 0.3662656663601722 0
0.012713700807528427 0.41489919072036396 0
0.03089357091526801 0.07427660364002808 0
0.237371295407368 0.938747469483698 1
0.6559313758961304 0.2494560704993155 0
0.6408914138496992 0.9661021894942652 1
0.7793383285753699 0.08479993324915813 0
0.1702304598510439 0.14748245610307775 0
0.5685959429213855 0.11833731585294371 0
0.683525008672817 0.15300255259897355 0
0.8452353675836439 0.9910532392363208 1
0.8993980606187582 0.5499966798135549 0
0.960434445647557 0.43343786912367366 0
0.7925427336317156 0.2903457615423177 0
0.4733431682563244 0.7660982770516026 1
0.529675184540475 0.8162365853958742 1
0.6640536515847415 0.2808475520341446 0
0.3741693736214704 0.7225506461406016 1
0.5883821156899357 0.27164182530481984 0
0.3761098144958599 0.23516385547082685 0
0.018748649487018043 0.15887858672189736 0
0.2756052646310213 0.33920018142376085 0
0.692743864207596 0.39145478833694913 0
0.17948190562862976 0.835642312472284 1
0.34605704418538785 0.31318763314427056 0
0.8595504679639099 0.2702428147970659 0
0.9385601117247265 0.36828609945688784 0
0.936776997818845 0.44136062416599653 0
0.8256281521973793 0.2978476171829324 0
0.8406188697691835 0.9399568772669221 1
0.5412740155624526 0.06994964937815396 0
0.7390603976375115 0.7625484248933032 1
0.03610800042898721 0.045146592839981126 0
0.09108949979425951 0.32707865356958954 0
0.7590332503795599 0.9505671356566853 1
0.8456418527141768 0.06654006267239598 0
0.305743624466876 0.40313206356468045 0
0.2378288098419722 0.20302700041707689 0
0.7012841436702678 0.4504723265317718 0
0.6445573448302512 0.7360639806826084 1
0.5529966855845617 0.7349805250903133 1
0.5575113335349402 0.20352679201628343 0
0.0307956284964791 0.6361325723845587 0
0.3511892312156156 0.7320419049247375 1
0.9563814929277641 0.3888221890444147 0
0.0947781782073509 0.10632361183455952 0
0.36414029213311505 0.1761846275258171 0
0.7098531998605597 0.034307665870854986 0
0.5312380229585231 0.36956350507545954 0
0.09836154907413763 0.28039384684202107 0
0.42033341509863 0.15686465942920547 0
0.21155717561065945 0.7840798886081993 1
0.4180689188209159 0.9462841061528598 1
0.9162438688904502 0.6058187371652778 0
0.9298446683017686 0.10897368562606058 0
0.39273337905579153 0.9731578598705368 1
0.8831283843974431 0.5805461312600269 0
0.03390056817791487 0.0625773798645356 0
0.6162301555096318 0.10418000192562915 0
0.23163922291646943 0.8646803741125695 1
0.44774356471774235 0.9815971512778321 1
0.6410096485814577 0.6727741100778065 1
0.6635085498646454 0.7584027848918755 1
0.08169513408920193 0.07649585223386979 0
0.8366646861753252 0.06586857882017982 0
0.3699740689754496 0.7672471760612598 1
0.5745782936063236 0.0011746905260998641 0
0.5953606940670377 0.9323946559977314 1
0.8752359083382287 0.02983589860635183 0
0.24958477121424427 0.025058319042018495 0
0.04562749265643917 0.057785423671132374 0
0.17767393978508683 0.8218803629132757 1
0.15223167692975204 0.23182667868045592 0
0.4134534476521705 0.30559504335849297 0
0.47184485650303265 0.006738006839006827 0
0.7267712975764042 0.7590870959279467 1
0.4498158954339804 0.9104717930932649 1
0.26681489636031286 0.10641338876951645 0
0.3465044993988312 0.18824358981041922 0
0.030844254934940696 0.2429853760581142 0
0.2370847653078142 0.015858508731893983 0
0.966538666775946 0.009859326327231854 0
0.7394431470172185 0.8278722258294985 1
0.9003362998262062 0.05292153909118824 0
0.6052881603061259 0.011012795997631053 0
0.9662920021956344 0.567838664505045 0
0.2393703216531804 0.8857605554878529 1
0.35204702748350414 0.7289259156710569 1
0.6236345825130759 0.28983187361622964 0
0.7791622669405771 0.2553041476753639 0
0.13869710857849193 0.04930828272596677 0
0.2930540447948423 0.8335734320392534 1
0.31585904879627247 0.38454555022789916 0
0.8594927615603135 0.6172735163986764 0
0.8616710158295565 0.20542857134447368 0
0.8780126454086457 0.39741374764743975 0
0.6063828039754832 0.1688459389840905 0
0.30761318516150393 0.9543658477904796 1
0.8495715479667217 0.06423135359168253 0
0.5517009631888841 0.7430094326291282 1
0.3073415468548669 0.2541442059866198 0
0.6684201072337351 0.30466704457882965 0
0.4793246082176048 0.6150678988142061 1
0.9127373829798986 0.31436784357454606 0
0.7733879561822821 0.9067052284995478 1
0.6969657286941144 0.022733666061314994 0
0.4972320976951401 0.7536495986099486 1
0.3459340662252568 0.02701524128592636 0
0.5623634776851826 0.1842642610575459 0
0.008029150392462436 0.6330139859149317 0
0.7423089870723839 0.3524589833293823 0
0.18832294687019102 0.8289145420513092 1
0.4034318941964442 0.2818095877726182 0
0.6865258945563135 0.9001365412802812 1
0.20687104562903302 0.4636569226210291 0
0.6686787330886439 0.07068364864160093 0
0.840059664310359 0.8770829587121424 1
0.6374919534988379 0.41826253551445924 0
0.9035361975590206 0.5675655765334765 0
0.19103999527755955 0.9233465981933541 1
0.8992283420179219 0.21418640699640001 0
0.13305737897223302 0.056480826067119794 0
0.7546809906833765 0.8044219674503604 1
0.6485955126816686 0.4348713278696511 0
0.4721695569727892 0.3983874906416467 0
0.9155635653765725 0.05548175468331862 0
0.2399161702597018 0.1923464477591288 0
0.40184466329179713 0.6939481495375951 1
0.021190961034232014 0.20794210248140965 0
0.893967210050121 0.624248878860941 0
0.228475446370203 0.22362061325076232 0
0.5434145251470017 0.3499453115945491 0
0.07568953192036998 0.5349526344105385 0
0.5570563918596666 0.15492329619448508 0
0.7145273310543186 0.3166111818153745 0
0.6310967730646324 0.9010067772474959 1
0.6798425343875072 0.9840873977773381 1
0.17959322897207464 0.8744681564238873 1
0.39852116118128345 0.15330380088952555 0
0.31884562795888727 0.7319453792249173 1
0.980364406903488 0.3836901264771202 0
0.4177891487554628 0.9984751853824311 1
0.8465689336571453 0.9144351055099678 1
0.25410964706986117 0.029990821078478835 0
0.4670005973557121 0.04148777832326389 0
0.17432604545431973 0.05801693512636208 0
0.669046668635358 0.8291493701266174 1
0.3392981622019018 0.7443699495376546 1
0.22099643502537303 0.8920736666959631 1
0.6449001810231909 0.07037424312749307 0
0.4620246018382964 0.9102015401067081 1
0.3482114458441944 0.1968821916816793 0
0.08127656142956463 0.420156494095156 0
0.4154004887361391 0.2079405656475356 0
0.6924185914999874 0.2961700735666215 0
0.17662761202951416 0.5105778686767626 0
0.5952276812443014 0.8409376246181909 1
0.999285491638543 0.3359130070373675 0
0.7767258269963269 0.059910062596512104 0
0.855682110508619 0.1954820099083443 0
0.10523137505879376 0.044926267256819696 0
0.09451141276098152 0.7100465328350856 0
0.4717153280916324 0.055559590207326925 0
0.3234583404222502 0.1465699088025577 0
0.8481321442030516 0.32341161123675977 0
0.47217378471736693 0.1879216663890847 0
0.07860586605051911 0.036106283987273 0
0.018742995687190955 0.3833985568588313 0
0.840417304282752 0.8710522058153646 1
0.11341011325853445 0.6556619167307577 0
0.3111616664275956 0.940395337617474 1
0.16142321374749335 0.36483903154168185 0
0.9887467227917399 0.44422376252279483 0
0.757770196264892 0.07664813756087341 0
0.6739941558064597 0.14953943293052752 0
0.3399979309536555 0.03982887176878669 0
0.8633760020408353 0.13519048946732437 0
0.18612467657790566 0.4029066714048769 0
0.09817823796024971 0.9672019141403397 1
0.08971163083111011 0.5625462176388268 0
0.2750989052635089 0.13812059120025 0
0.29789228512041044 0.9715545817418108 1
0.03842644298563602 0.7294082667719679 0
0.9034883363665941 0.32223491057229403 0
0.9922590532331472 0.5865577902976444 0
0.06400968473526603 0.12630015780738002 0
0.05969332275021777 0.021893143347114008 0
0.2219279326693584 0.29201546213488627 0
0.6000157477702147 0.1510825597070261 0
0.5651836323372672 0.2846409678592734 0
0.44118950000427304 0.10905488953068676 0
0.9317960567007865 0.6250187420550769 0
0.5279889840869759 0.3514837994767862 0
0.7743651577684065 0.49692818541119876 0
0.7172595460532882 0.6973644035708342 1
0.6609276979046536 0.9498145265303743 1
0.2791065816773496 0.21610327226624215 0
0.2513474404902979 0.8966569016356425 1
0.22335544102724725 0.9219013547940177 1
0.8045931364928521 0.3638262791900915 0
0.5046751777944295 0.9427147709474031 1
0.2068531671108078 0.9935560903345964 1
0.39887636097479806 0.6313850024618698 1
0.07165916516819981 0.9904701791908659 1
0.5956688284658922 0.04601168461951133 0
0.41605274748197485 0.6863198469386298 1
0.06567222194665634 0.5470814451307059 0
0.1934350938278555 0.9664631826028847 1
0.5571169507042398 0.14114024036566142 0
0.19043384000593855 0.990700224957984 1
0.7897397214415054 0.16468271773555176 0
0.3350418359027336 0.09622105437566808 0
0.33015554948850256 0.8737533796552859 1
0.7536893390038433 0.2862203353656684 0
0.220386840464049 0.5549535658453653 0
0.1578028867870256 0.16187082044190126 0
0.36550016345573455 0.8196231603447106 1
0.6735867908987813 0.4075434570847266 0
0.04046834275054967 0.009357174613094155 0
0.8769057625541304 0.3990843831259465 0
0.04662761246807767 0.4395596575518236 0
0.757251912955375 0.8807281874141626 1
0.166751631842608 0.09387361767966229 0
0.06802916598546727 0.13927483157105214 0
0.3061761914446388 0.7264516459936128 1
0.39192873271713413 0.1968121829157632 0
0.18496243652573585 0.05036412814236135 0
0.6144601712617919 0.9960458996647937 1
0.17409157543658849 0.24720699096192122 0
0.2982589479708271 0.35307929707917507 0
0.7650552073921458 0.48060801429358013 0
0.03326430224392263 0.2797587507942224 0
0.5359040402142503 0.835435119940148 1
0.32745604351410473 0.022517043385775093 0
0.15203744666712182 0.05892891291920421 0
0.6255578129247364 0.7126102463278066 1
0.9820526486496888 0.6371824524592222 0
0.9848029574609986 0.6701333171932057 0
0.6596641642727549 0.7791590371658983 1
0.6175834240231863 0.7971304744618198 1
0.887313554859679 0.4213579098805763 0
0.8261356995897055 0.17945837411853793 0
0.790213460316933 0.020082209430568265 0
0.37135624991598337 0.33703305234572156 0
0.5997383778397227 0.7965601224506546 1
0.5085016501461738 0.9342773329624743 1
0.7729795650299026 0.5075893150673879 0
0.7335231625276729 0.7980271221867988 1
0.752225655205835 0.8455614391856198 1
0.6567465489408284 0.2380991471874342 0
0.9378252253491703 0.7703684567070128 0
0.874440104549331 0.36639458775737144 0
0.8867611518230742 0.42173199646042225 0
0.7880885034793592 0.37510555501379594 0
0.023646180871004563 0.7121872187190944 0
0.47182230791642155 0.639547362675225 1
0.5482491234609741 0.22518855252580194 0
0.1489575770444509 0.37215757053930865 0
0.7663182596558363 0.9856006704035312 1
0.04730311131555587 0.47037421830324233 0
0.050386659295465375 0.28787472940138015 0
0.9302365592706103 0.349061714789772 0
0.5597102124383877 0.1027606125391719 0
0.43400471505954197 0.9541678768231182 1
0.579302147919315 0.14186923132225437 0
0.38012475523016587 0.21285416591624295 0
0.09412227402786355 0.9383008963652957 1
0.04207194292877725 0.8169060149151324 0
0.6766646932665495 0.3223897931638562 0
0.651826355517906 0.13985815303824256 0
0.413514250419308 0.6872215996758235 1
0.2610464879317378 0.8800998730060955 1
0.27258083372233666 0.26148462703265596 0
0.23092226773554536 0.42723559770605013 0
0.6771757716599045 0.9836169277185803 1
0.5843410163379735 0.32663347376159835 0
0.2682779766033294 0.30528942910430323 0
0.24677971845997893 0.5015742546511535 0
0.7216723812836965 0.9030894972620569 1
0.8283031864923058 0.164619050276545 0
0.48787198092141093 0.804344017293019 1
0.19121538557160056 0.5291305264016086 0
0.30976420751144895 0.1663016232678146 0
0.22442897880603419 0.22023459106362697 0
0.10679143953962023 0.01947842843407277 0
0.47594086722914064 0.6285109990757981 1
0.7492587346293944 0.26626304327266137 0
0.7226371279753586 0.38025759950593907 0
0.07474332805322481 0.5373125641067702 0
0.8224935697633411 0.5485838561177364 0
0.658404622173595 0.7913306365767669 1
0.6884946456960551 0.0017057657675801918 0
0.9281652237678184 0.4169686538933812 0
0.8001159105798742 0.9062219751554657 1
0.7436575555928413 0.8097455804364846 1
0.5886450381671382 0.6415202620741377 1
0.9567421912605567 0.6048645324136219 0
0.7903137301162668 0.45824079218532254 0
0.37778996152977085 0.7863525472787944 1
0.38498239658972144 0.2937841579819497 0
0.7861226851364574 0.20486908178604313 0
0.24198975245173437 0.34948915077117004 0
0.7484606935119298 0.49490358536846935 0
0.2356235612093709 0.9979409551692158 1
0.8679826470220586 0.4572282373875597 0
0.048226386226901785 0.558068966337222 0
0.5300887743738676 0.08817559569074773 0
0.5119888569819049 0.15217929085042703 0
0.9194484472865825 0.27273988591289877 0
0.21141126479919436 0.29040847577849616 0
0.9448783594817403 0.08449463695798376 0
0.9789878184766707 0.22640470737364016 0
0.8947305331318129 0.40765827710477676 0
0.35228363455386047 0.4144755509066441 0
0.5678500953500227 0.6697475900307691 1
0.2519778314781954 0.34580473583147153 0
0.766213189511647 0.9511071065271912 1
0.47482378214993226 0.8341480720506549 1
0.9761847422952276 0.3088630690446753 0
0.8390461055288188 0.2103326001142798 0
0.31736424449038514 0.781899937705273 1
0.9840075262938176 0.8296274933626245 0
0.547477286266488 0.941025196816837 1
0.36896327229224923 0.820758819263693 1
0.37893206238554245 0.6951140681975294 1
0.1321231774454923 0.3582174224992051 0
0.0702624353485849 0.972335995751288 1
0.27240057205969836 0.3980546818038321 0
0.6495080006457425 0.9145267174252915 1
0.5701926719075711 0.21921198844052314 0
0.36435199439517063 0.9315334850376913 1
0.046189057720209314 0.005775848181428844 0
0.7164288980515935 0.8102009558752573 1
0.1322777943764084 0.8775087163643919 1
0.8825763793434397 0.10599076457075018 0
0.542436136805356 0.9256192565556507 1
0.4878731532438285 0.8731776175243061 1
0.7358049680637626 0.8848556860073603 1
0.2838408936402811 0.8913965722095492 1
0.7851655471695594 0.8964881633805187 1
0.021445621080652844 0.12459294005499666 0
0.5717019737070725 0.3095026676154141 0
0.04157774606205922 0.32890282857968556 0
0.6895179606153791 0.4231761282814457 0
0.2769078931895145 0.4974097167568893 0
0.6756176075392358 0.8898805005370519 1
0.26623391397180307 0.3514954321281254 0
0.2932619198114599 0.07812270879776995 0
0.8452059271104728 0.27385775851909866 0
0.1833474023042041 0.9724832872596246 1
0.9728728375881802 0.5278848577605413 0
0.009240174463846285 0.8225217811341426 0
0.36294020075378786 0.05967328958127327 0
0.6471773554049578 0.12109063353838456 0
0.7259966245319165 0.9761342222882202 1
0.783797064308115 0.38207527732903734 0
0.993590852005007 0.0028849577045522157 0
0.5319175976542209 0.7371950166299562 1
0.060753441034079314 0.3551266830560029 0
0.4941923128480886 0.22615256171178422 0
0.12776930332784653 0.41163764345488396 0
0.9435342657134251 0.40549234928788414 0
0.36683977989485217 0.3938578941077765 0
0.4894189490517872 0.9482745546191964 1
0.2050016831701188 0.46676833830942965 0
0.7728611020437128 0.2748798071920713 0
0.8712847714872465 0.3079409112856686 0
0.8399876021396524 0.04755973921858048 0
0.9940771652141334 0.29399235816596037 0
0.6849831682625794 0.3509180969768615 0
0.8835799725811592 0.2458228502035984 0
0.45254471239370353 0.7434425164637363 1
0.5290301771828666 0.2767261000753636 0
0.37601436051617143 0.9469086824978015 1
0.7667653845289495 0.7867077892934753 1
0.28938114703056206 0.35150366674345535 0
0.3158405559826454 0.10508444281600915 0
0.07343671639979998 0.42274253905822634 0
0.02206080423221146 0.18539677952020583 0
0.8691275528604444 0.4638988900123019 0
0.7036220478319117 0.1649161450379949 0
0.0722163454158391 0.9892269335041339 1
0.849015433113431 0.12787028973803105 0
0.5782121882147562 0.14646824387337376 0
0.8930757484306422 0.3841873722335668 0
0.9705672880027059 0.6512414300823819 0
0.26138422013418294 0.29672650820981605 0
0.7135804821882685 0.9579230634522313 1
0.5432550625628456 0.0017265345604208227 0
0.9183191075601187 0.12429555732016184 0
0.10567069744087954 0.07035639969944707 0
0.5479555411879348 0.9068586942081661 1
0.38821192884355316 0.2610554307302445 0
0.22943234176840144 0.8681761865653709 1
0.44381158082590677 0.20085030377497426 0
0.9763099967618254 0.8009080405728678 0
0.36752123429698114 0.007501846336502194 0
0.5335384036580559 0.3011958744217669 0
0.7757579400539759 0.35206162782362316 0
0.07366464819937613 0.36008624954414936 0
0.8289863691544718 0.8979058163215823 1
0.656292866070979 0.3099763652316676 0
0.7241678637198972 0.12150968177340782 0
0.5944030716120107 0.17425549846790456 0
0.2037343992709022 0.43320235444195887 0
0.576533639940371 0.0264748713257702 0
0.9948901925555328 0.5401316300403378 0
0.3879280048774806 0.26742246402429815 0
0.8037396533264101 0.0015543949893137565 0
0.9124941715383369 0.4686983033551133 0
0.8489926065495422 0.5258575648994857 0
0.6036891215362108 0.8944036393530489 1
0.36845140574556223 0.8401428963318002 1
0.4144854059873233 0.22419558225332215 0
0.3646711011779462 0.016194042772845307 0
0.9144065497517208 0.581318693136962 0
0.07085840604665927 0.3951374619756577 0
0.5157219041367891 0.3436819181655034 0
0.6530159493102432 0.9394404588384946 1
0.8216825217500893 0.4538928406479261 0
0.9793284048333963 0.6056789681342529 0
0.8047333165859075 0.8004197241507631 1
0.7776945825465719 0.12317322953717591 0
0.21264693274390112 0.8707697979162713 1
0.2585802195606176 0.10480242439464993 0
0.09078949837754369 0.04938048317661514 0
0.379907706480932 0.039484336946280285 0
0.3274348919715939 0.8482157196271779 1
0.23378127781414126 0.8493718050203564 1
0.3746370509630219 0.3520353697404127 0
0.12462662335132302 0.920107763312016 1
0.14012221573921868 0.2573563702258027 0
0.13000275500017733 0.4318419997459336 0
0.6473930785927113 0.1887421789136865 0
0.20260587304285005 0.3907517526424412 0
0.10440242368818542 0.11253434385697358 0
0.3408920617825193 0.9220362677880303 1
0.7365039951905528 0.8742994442186023 1
0.4776196165436096 0.7697430697188545 1
0.4569041434990565 0.2852226435576456 0
0.7235314318536582 0.9669046061421094 1
0.10981742111219595 0.9324987513356116 1
0.4892737741347988 0.8547896415306715 1
0.7985533656879589 0.058736347371389 0
0.09364275176797765 0.4172475770338383 0
0.15841751934913917 0.40028326973576533 0
0.798827279780775 0.9059116491669685 1
0.25567383552339007 0.07072665020128233 0
0.868615707755835 0.1318464917026302 0
0.9372809160138039 0.24179123102419298 0
0.5444257999525104 0.6560630613143714 1
0.34259619607812364 0.7258287535575066 1
0.5982875601952902 0.9407101699386331 1
0.8911369740662742 0.9929251262766992 1
0.2378895728186301 0.3076017788859742 0
0.8297466814295928 0.42788199295957663 0
0.07125361427097243 0.699909442891282 0
0.31570697636715184 0.9970247424804443 1
0.3718992923567711 0.9663472997181675 1
0.15730954643260697 0.5386502054351182 0
0.2854360595264841 0.743930693338275 1
0.8333502117550152 0.0360939716090356 0
0.34840722936022295 0.1635801600296386 0
0.3672005404585954 0.16294640968686636 0
0.6140624570102671 0.3182232059006431 0
0.3441611992069419 0.9952188901948597 1
0.3317178575757789 0.3368645718908784 0
0.7572870102828895 0.3915868927388618 0
0.9865590359416521 0.2911652169619494 0
0.9284917053222109 0.7637883800795507 0
0.10703680829093243 0.10340065548266553 0
0.7536861475653529 0.35408800464025014 0
0.16340860861412487 0.11929004135566501 0
0.9875115705284007 0.2956892012306249 0
0.6517630255132754 0.21411915539191007 0
0.19375818617706708 0.4554906711557747 0
0.9796944720968863 0.28025088799368847 0
0.35232933956928403 0.010943771965750582 0
0.7536018268464205 0.9622610912491625 1
0.6112497974505823 0.16737567614516347 0
0.3067239822354506 0.276819509425582 0
0.5921203370480521 0.7566180502550587 1
0.753402276902444 0.9156196465170451 1
0.07900531976177105 0.19517625791679816 0
0.017088160310643197 0.38720112070024104 0
0.5918741458880079 0.20846737020374018 0
0.1272849651203195 0.30874474180764 0
0.45232442798269457 0.800512463042418 1
0.7324308880795701 0.4485396499314158 0
0.42075038019262645 0.9665614704905683 1
0.8849163887386391 0.5153579776840076 0
0.5552937158942245 0.7563474689076298 1
0.03791100347124532 0.2286014721602373 0
0.5270573359267083 0.23089980135735522 0
0.7580873687757111 0.24654611260169745 0
0.4044881561657222 0.1531046981837676 0
0.2657782920257048 0.4750368478824829 0
0.41023916782245906 0.07019726916104785 0
0.20150554297609147 0.15076866226814634 0
0.1298384964097351 0.22811272192941545 0
0.29357761634100077 0.459796466516764 0
0.659917042219671 0.13780351100169907 0
0.06793667510413659 0.5772162522455112 0
0.6999086020595503 0.9030017499175162 1
0.49371040633740004 0.7701299402199463 1
0.9673516846922631 0.35714302621562743 0
0.5219667299566826 0.866190217982536 1
0.6892274150401646 0.8149196442184515 1
0.22448658638751762 0.4522431486676938 0
0.48966303243567544 0.020485268317435468 0
0.8316580976882775 0.4038770734203394 0
0.41961887617541227 0.9437909728214686 1
0.6554625615254093 0.8344326238014452 1
0.9421907902320175 0.4745665299554449 0
0.022990474065353594 0.14266170615846907 0
0.32073365606384807 0.8253422344453482 1
0.21823095008722748 0.8390995478693667 1
0.612397659331017 0.18421216389100448 0
0.7922186138312275 0.5693066212570346 0
0.7609299522017852 0.15749213471212342 0
0.2535784058214151 0.7761025215255727 1
0.9583582144003876 0.02364804824684441 0
0.5259597210579458 0.14434325570507922 0
0.1714725966674132 0.3708537168389393 0
0.6969574188863228 0.9704772815467791 1
0.8146397911975916 0.548076056433602 0
0.8613759401101093 0.9593819150983924 1
0.7608907111495031 0.8838426855472369 1
0.35946459207131376 0.9987943244603702 1
0.23686251731385677 0.19830901100451548 0
0.3195544220238835 0.36807213798973437 0
0.33096485366216843 0.7409872796345316 1
0.877447544125615 0.330511262096853 0
0.6041836657395498 0.26960890117044034 0
0.7742812292799147 0.12579983563571673 0
0.6584553585601721 0.030054126586745 0
0.748814588101511 0.7250406108180524 1
0.38438125487502994 0.7474212013559277 1
0.8382612952272919 0.9786815675692925 1
0.07163280447829512 0.23353206494884793 0
0.7702895901724109 0.058178474014753734 0
0.9848183669494739 0.5516745771297705 0
0.40395069076640044 0.25264500375419807 0
0.2214831261021859 0.3199250048449924 0
0.843221016187104 0.1511750731614495 0
0.7028910363566442 0.683786189940489 1
0.5186669689594634 0.22690240083605884 0
0.4132237820341176 0.9553327467423388 1
0.6046834911024713 0.9078698300523245 1
0.13243669292346427 0.14536710643547623 0
0.552167557472127 0.7453879028462341 1
0.05983084642858538 0.9881879868509486 1
0.7004814379141244 0.06133996390392127 0
0.8179220056378756 0.9812021559082 1
0.6843741371786797 0.8070474177389163 1
0.7071063586893207 0.3594787725564562 0
0.199753008579296 0.12372018208480517 0
0.22578530868008717 0.11466217421462832 0
0.06726875799902943 0.4156443540747774 0
0.12313991301765848 0.2830313336079444 0
0.4421116563420381 0.8644882295925277 1
0.35107843617038004 0.841581377834712 1
0.9336466286502062 0.5499557647625323 0
0.20157900001269602 0.06652528024582638 0
0.5605626209661393 0.16005792107955297 0
0.9304298494672337 0.9906378292047239 1
0.3273399103143514 0.04668179162014707 0
0.49729174471669146 0.6649052578039972 1
0.9871204000531528 0.35400042574029 0
0.6550042380504885 0.2415189794425725 0
0.7307275779531168 0.44847548564362105 0
0.5637896102547043 0.04945633167369434 0
0.3431582120025869 0.20283638814587845 0
0.7198438427863343 0.9400740258077237 1
0.654731877629262 0.3457984154795064 0
0.8863385677643042 0.9115810014526603 1
0.9056390770072538 0.27504837230328194 0
0.7267215835917669 0.7575688871544318 1
0.03283102137358074 0.650138382474052 0
0.10644249675840611 0.3812672493526439 0
0.31783792017701795 0.038173325453428775 0
0.5040541314478527 0.12766898366732538 0
0.12993861778411575 0.3153357114234936 0
0.644213353848994 0.20423382630544884 0
0.583350915792359 0.08920367437210441 0
0.6926235024858027 0.7658224997400807 1
0.46989941519847833 0.16659521566978996 0
0.2772051961295918 0.7867217228712532 1
0.8732719095214899 0.08893152130673931 0
0.06293289757370191 0.5696660931350782 0
0.43955682751046354 0.6585474400864508 1
0.9564306860743318 0.7472799997825367 0
0.014548401274394274 0.7594003970005518 0
0.2897465117998832 0.9932069817851491 1
0.4335844899775313 0.0063645689608538 0
0.8267141225684803 0.1551868578675567 0
0.72212904183969 0.25303484522926634 0
0.6553868421318678 0.9552311196401033 1
0.14538189116066835 0.4619514252097733 0
0.12369349593862089 0.5131558585076327 0
0.45313634215964926 0.07770589479978485 0
0.7280850126454458 0.952775642528183 1
0.41488719035424637 0.9852398631850365 1
0.9500648761024627 0.36485921417321476 0
0.023113562335838167 0.43059315838636125 0
0.11809540735891 0.24796404354552481 0
0.8519640364193974 0.46149597203374515 0
0.7744583248074411 0.4261285253156474 0
0.342848203597115 0.1706872229212576 0
0.35221653200123093 0.009602143609240388 0
0.5335266763290519 0.38148668447332734 0
0.8286503085229454 0.6124289698252462 0
0.057324106317708345 0.6250906807822033 0
0.45243868751987093 0.6695109011261514 1
0.318568712263933 0.04730003368947944 0
0.3383550434678835 0.28368413179786445 0
0.9693061059241125 0.21566033589606515 0
0.35012065568061124 0.04832077687341807 0
0.7782035689177289 0.4441137886366737 0
0.8063511773935216 0.2924194474154874 0
0.4813601082136554 0.19465065729661724 0
0.45647459081747177 0.055032229735066274 0
0.8735689360071613 0.6539206674819337 0
0.6568038477471041 0.21402288554856597 0
0.14419557898445312 0.32198446089536037 0
0.5665074856987559 0.3362832309291819 0
0.9841838452308111 0.21025554467077168 0
0.9611590293385655 0.5806246928927349 0
0.16136214812106675 0.15407207115694943 0
0.919572552117317 0.5170047288211499 0
0.7395472359609517 0.4244297108584121 0
0.6257553846594596 0.236157281491842 0
0.15620251235289806 0.1845146384765266 0
0.6408800623430743 0.43442272270303195 0
0.6034560851019494 0.2771616093306404 0
0.3207977797000041 0.4149526734061675 0
0.9986451648917969 0.6292645417934735 0
0.4437948896281948 0.2835322632130792 0
0.26333297442944736 0.26093673455469135 0
0.005917368910316245 0.7673789337471955 0
0.9811679836745086 0.6530742216367657 0
0.18681165758070606 0.9998438707057937 1
0.2137031366051707 0.5630716553635589 0
0.4512491048422336 0.22612640114695404 0
0.2638176809281617 0.005833210424054602 0
0.018458304100278822 0.8334414221174373 0
0.053315749214703057 0.678249538489759 0
0.3986056737854793 0.7218623040582253 1
0.6812807597405535 0.16813487972790564 0
0.9069359632627514 0.44241159333846714 0
0.6398268187226379 0.0004806102138718016 0
0.7482968636966927 0.9904877938050037 1
0.9891814124210915 0.09117213514896205 0
0.4044054220376547 0.1377511645303935 0
0.5960203774493545 0.2540855042711082 0
0.377586342457192 0.7494117492375604 1
0.6313766080487305 0.30370050100449386 0
0.17805216588513606 0.8721483909040437 1
0.0007679434383678352 0.43800724113943024 0
0.7026829574412976 0.45938485079390123 0
0.7601163486867073 0.44090977374586704 0
0.9086425166560308 0.010463988267261026 0
0.49885381730304756 0.3834707651359197 0
0.43026635427328175 0.21700691604775724 0
0.5787861532318007 0.40336308320682457 0
0.42406384611495107 0.3541498836546897 0
0.9885718547242816 0.2643647960509453 0
0.7846235826586025 0.00859801670154614 0
0.5058562519029179 0.14232724661124851 0
0.7002916865342195 0.9398931876518453 1
0.8555373359560839 0.9621992007103408 1
0.4664608816979888 0.9329903103686126 1
0.8017519998805238 0.3352885792567988 0
0.6603579337555212 0.25957056853810134 0
0.49732357631708324 0.993878699371187 1
0.8645713948306801 0.9610743108980775 1
0.9527890620330455 0.7095263364833329 0
0.6778838159422322 0.4133871157174436 0
0.5530958595291185 0.8512345450524349 1
0.7020788608039146 0.38113369358685956 0
0.9992909783551464 0.27574363528810386 0
0.030305004809211167 0.08598284260254563 0
0.17880289290968487 0.5783947393792512 0
0.8469162312209257 0.23494802343718868 0
0.9135596999100243 0.39214178946201916 0
0.46362264118002905 0.2674220082073123 0
0.986839201471443 0.5695102311621163 0
0.9864777139609107 0.0024302491237395696 0
0.5292322399338236 0.36449827798629986 0
0.060698200364130206 0.38679667920264493 0
0.5354748333852053 0.7297753900331035 1
0.941860903838581 0.26569205195917467 0
0.6734241930861823 0.8766755081374777 1
0.9448995720321971 0.7424808081357888 0
0.35998017313776765 0.6435766187279115 1
0.03563578771606801 0.32542938455122117 0
0.5827917687218325 0.3273113882635661 0
0.5688433088740075 0.0026906203963747988 0
0.7735654660044526 0.35760307857740903 0
0.45650643975438 0.6473953037395296 1
0.8772217882254149 0.2984896677112794 0
0.6371348872112644 0.7378239024466356 1
0.677219864318581 0.9789509200631353 1
0.9718620318298158 0.47576710906488473 0
0.8711219705170572 0.357343461084188 0
0.5633392336951999 0.24011771038339436 0
0.8633067450786507 0.04691249561626554 0
0.7047351118955464 0.7858285106870863 1
0.8523753888353868 0.38056850656016183 0
0.3771586602607129 0.22558270038510364 0
0.7368578548453348 0.9803652928052784 1
0.9121021356617661 0.14302886128670966 0
0.4307035954413192 0.3299348869038776 0
0.8564002855157611 0.10193739222171205 0
0.8512964633185012 0.428091639027688 0
0.6585296091256306 0.19525499505519295 0
0.18688327392996784 0.5467917098150515 0
0.5100672015422616 0.05496096965004971 0
0.0497734028735225 0.7898356429444195 0
0.8583699132751059 0.5647753741526893 0
0.276511380323619 0.01930999012351342 0
0.9708238796309562 0.32851581661940676 0
0.15769047968144478 0.43329171896047103 0
0.26840074593978 0.8242664601765697 1
0.8083952123141475 0.9919235277649452 1
0.1353646667714622 0.35996377582417205 0
0.345672743600412 0.2600844084753753 0
0.13584439303588547 0.32541307774633266 0
0.6899123036454935 0.08505567496626676 0
0.14612736855498853 0.205021666417051 0
0.6856136813288612 0.8501323192179349 1
0.6682274278494739 0.3902334434179201 0
0.9652179779923583 0.6796247523927789 0
0.44312784514080417 0.001598314923192401 0
0.7937022055987214 0.9404642344741364 1
0.041918825654340575 0.6060240723631231 0
0.6683052141547741 0.7569067604479454 1
0.47679354323349743 0.1437072400750885 0
0.07388895738175905 0.10392240450549217 0
0.08223295928561403 0.5301043154114272 0
0.5850503365664382 0.686998274403223 1
0.9356558306391601 0.24752061740302167 0
0.323777877640404 0.4328065286318056 0
0.9187878769376528 0.34961749416384 0
0.7919872789454555 0.43611200161142305 0
0.9798422798935574 0.07187746022778196 0
0.7693268491500722 0.48280068192577685 0
0.969002929554089 0.08334830022392181 0
0.07757557881759813 0.3122481995756101 0
0.9998900661488184 0.12039160517471559 0
0.9569520777524211 0.47125978853453543 0
0.9412876563196897 0.4535442406310669 0
0.20653809200579132 0.5086644627888555 0
0.2257081169972195 0.1688853149472651 0
0.8866457491981886 0.5306114417843064 0
0.10351842434418768 0.31466319045353175 0
0.41714153094140705 0.9405435856221877 1
0.3304764979024738 0.22533768420740286 0
0.5299590808062251 0.6392445177216824 1
0.00871140346817234 0.10137777072418408 0
0.3988506238146463 0.10103984232358632 0
0.880102884301515 0.11695924601877883 0
0.3527754919654138 0.07639366114642265 0
0.5254980411837351 0.6416059316447249 1
0.3069290533984622 0.8483026476818095 1
0.24549651096951663 0.9945481052994922 1
0.5259255065073036 0.33526673494299875 0
0.5717059486158729 0.6454044873330765 1
0.6789777036624947 0.35004027784728653 0
0.7285687516123416 0.39029177546966143 0
0.5019867921392253 0.7760346119715752 1
0.32684757742575044 0.9084934588871032 1
0.9206688909348766 0.9697615911770869 1
0.14186273870141142 0.2676846702382162 0
0.6171001385662426 0.11499782328389796 0
0.3048237046255985 0.9868509575964521 1
0.7454660713080947 0.867937087054929 1
0.4768097794985775 0.8730448771070618 1
0.544481692529432 0.18385689119129245 0
0.5447185269257475 0.6368653103963957 1
0.022168970234594965 0.7787120945633587 0
0.7490873233824139 0.7339983698309218 1
0.15328082044273694 0.3883202669424869 0
0.7383528848193978 0.39986464326136384 0
0.2947737860596812 0.44588479517421864 0
0.9966250495178111 0.14178609449263946 0
0.5320916747273459 0.7854286033643547 1
0.6803786391389529 0.9113123352338941 1
0.6232126491745366 0.42102639469398095 0
0.2699146480371134 0.18523950707469028 0
0.6954795837460376 0.22156577082740725 0
0.35118349990318454 0.16170655650332566 0
0.6114244196583888 0.7139508704550402 1
0.6797259388852257 0.225337595539839 0
0.6145043916727104 0.3224548164746157 0
0.33872560971684085 0.08333234568075643 0
0.6929305947155222 0.16773118046046487 0
0.049548492010116796 0.29204968986258395 0
0.3196073608568937 0.9714844336142906 1
0.6789815189614651 0.7593789993027421 1
0.30313593049362186 0.6805111994507538 1
0.26192555446975163 0.13160335812094925 0
0.9797958059687489 0.3494289867548017 0
0.005654109107811389 0.5644019269012859 0
0.7302211453855166 0.34471874676986736 0
0.2882557832156126 0.0446392567019287 0
0.36998466149548115 0.3912698693617689 0
0.14643859358705447 0.8548141396383908 1
0.9324476449598182 0.26498260492256487 0
0.6321187325071941 0.8544924949035549 1
0.7434874805369779 0.4719046603462411 0
0.22296312223559778 0.042475744990290165 0
0.29937267505239706 0.03388394636773495 0
0.27630454433666507 0.3589580456521154 0
0.8519518612762839 0.21312470907173275 0
0.22298571431377368 0.4112382542943337 0
0.0252219361916024 0.44337781222664774 0
0.9033966025462582 0.9837838372265625 1
0.7158570478321205 0.1522250113563799 0
0.44701516878293823 0.6544609162102527 1
0.1728973708950341 0.27302378282810236 0
0.3244609213645764 0.2703420673731647 0
0.6973727262397487 0.22363636400872666 0
0.08831506825952207 0.2269073208505923 0
0.7353772642476407 0.1797463944058415 0
0.04142516280202879 0.7963675695545609 0
0.7047815556931954 0.3949675027213263 0
0.842799975725057 0.5251269626386671 0
0.11147555467346637 0.5982555883512616 0
0.8771943907028291 0.05795598408557068 0
0.033815101984968954 0.690147444203408 0
0.3569595457949959 0.40965340569613373 0
0.5646049369609246 0.14715154394571361 0
0.1738313078658723 0.9876643734547753 1
0.7530277693517321 0.9467384912928258 1
0.09059199265844142 0.6698120940369454 0
0.9158538420688581 0.6271828567479258 0
0.21370842416959945 0.04363987076649156 0
0.9076304218906296 0.032633167526698315 0
0.10305638666724648 0.317612380310044 0
0.07530934808615597 0.37902600498728223 0
0.3670440500063131 0.1547302442721311 0
0.37094681822477815 0.0758384555729733 0
0.13431965802072177 0.2400485631404341 0
0.5947703954154644 0.4084441325685386 0
0.8155647426545307 0.5283759163083751 0
0.5177455002207584 0.9788079272398762 1
0.8363034214812951 0.3993505460871427 0
0.35660379526074915 0.10147617098439743 0
0.8647131537029251 0.16405031013193483 0
0.19564031084153433 0.28745514764288926 0
0.008414449323292938 0.1893476063440369 0
0.26073263170461547 0.33341756650596843 0
0.15343825793061172 0.3265160084501084 0
0.3463982083365448 0.20382886026504687 0
0.7952772712712267 0.43621923614162283 0
0.6576619308842299 0.32298191833173306 0
0.8575597864593894 0.40924859183843987 0
0.6501917173436502 0.273494537142837 0
0.8976585736857046 0.09230589712190307 0
0.02866417778310082 0.8232528142038623 0
0.8222157701432988 0.5681204056983943 0
0.25905209302813337 0.9617272502175087 1
0.8172446711761108 0.8647894409715597 1
0.48788860748160046 0.08330636633705268 0
0.789385253591194 0.7747226633534525 1
0.46220719588381465 0.37111744256011514 0
0.06866731079547617 0.7568309780374631 0
0.3642993611420151 0.8947561146988143 1
0.2957717346187382 0.2322479984492044 0
0.2946892947646884 0.7773807055065403 1
0.736106422840728 0.0007793187607277874 0
