400 2 1
0.2717276624707279 0.8235475594696138 1
0.5805830899996658 0.026048484865874966 0
0.974117806571542 0.765048396586742 0
0.3829079917532342 0.1626629592199672 0
0.6765378199141319 0.08193131688300292 0
0.6998289977723143 0.3021066676512698 0
0.7443971333400375 0.7381758354792222 1
0.17403124391813474 0.06237255988919321 0
0.19385462311127688 0.2812996969839463 0
0.7640143866662573 0.4879328315291499 0
0.10138957948036398 0.6365736686618771 0
0.9023394760966902 0.04506195650122535 0
0.3770010763110744 0.05211781040240937 0
0.7552503597578327 0.032145286038192 0
0.43688309776947953 0.7846208503524231 1
0.5132638062370435 0.607165885329288 1
0.2977521588929113 0.7631703623357474 1
0.5622044131937405 0.0032352846233353327 0
0.18759564491267988 0.14971829196841746 0
0.9656962172091558 0.1036382751391004 0
0.02543831766185145 0.5907670049531796 0
0.9595925413788312 0.26100389457493134 0
0.8146718363985923 0.5108814663400763 0
0.9590650150417428 0.20620142691300092 0
0.15285541554362403 0.9924168469504787 1
0.7855727770037014 0.23027050847619845 0
0.3627767143836902 0.09759691233715029 0
0.27452038475729246 0.04595537911870118 0
0.24778551409666216 0.06166850399629298 0
0.5004476148037077 0.2575374445801297 0
0.7658062456569648 0.9834214195842719 1
0.046979648830815846 0.06476643001203786 0
0.4548072017335827 0.9394853413760288 1
0.6037210001659555 0.2918895555971054 0
0.29755438985606397 0.14857552310359945 0
0.3506728017315581 0.8351858577006097 1
0.8752895568429983 0.15484754051877925 0
0.6353136069911008 0.7575043616040975 1
0.7683653623432086 0.5276211857820593 0
0.9837141867617661 0.35967919831587514 0
0.758562548016932 0.14539174423150147 0
0.7482901101441048 0.35986730755236784 0
0.8596757423003017 0.5103138538226696 0
0.2460385207132436 0.7545581274000371 1
0.6593616083769709 0.1716767258670746 0
0.36922902010633807 0.046909350861614185 0
0.3402351121224816 0.4464446534052462 0
0.53018413098886 0.8660475086030863 1
0.09058178438150588 0.42079364932217533 0
0.3645797089155147 0.7119791921152326 1
0.5997381197041274 0.3705575018076406 0
0.21783017663768445 0.9853970499935644 1
0.8681916516233217 0.2711429887754352 0
0.0807503072205078 0.019061421152353764 0
0.2536428895098324 0.830800939735975 1
0.2263542694898123 0.905591293290748 1
0.6940281068725932 0.733717972457251 1
0.8261977057637293 0.004252693316142642 0
0.2770570045655534 0.3620813609373835 0
0.22574783327947123 0.18086109775956594 0
0.08136822935909127 0.7305017619863583 0
0.7490077726012679 0.749598461941401 1
0.9789821377726485 0.20963393817630294 0
0.7122118818548042 0.9984379562002895 1
0.7814559893881645 0.4794692780207176 0
0.08272483577467382 0.4493525575187274 0
0.9214965034806109 0.6415751621218518 0
0.8716656523942682 0.5247398623481163 0
0.5241107282532691 0.9119607032857021 1
0.9101736420255131 0.22735499572631845 0
0.8781566087020268 0.6650880508178392 0
0.9310481687995779 0.5906945952022791 0
0.5125322152019226 0.24657488200400102 0
0.11986060859732106 0.5465244452162067 0
0.5181401051443661 0.15257414883538323 0
0.44995597554126565 0.0908188829152552 0
0.11433001241502605 0.9775461348023259 1
0.857523115012629 0.5374488876160803 0
0.839904018264441 0.12211413808802851 0
0.09249638726294718 0.26173440394357206 0
0.7499519657485252 0.42474591034291853 0
0.33988836788903753 0.4294780308569519 0
0.2738829379607258 0.4010767739841362 0
0.7402409176231525 0.23061988647674736 0
0.4187534988050363 0.33029456346328323 0
0.2526915834484492 0.9438295297146352 1
0.13450054776556808 0.6330820560341195 0
0.4983616458439314 0.6306428582784854 1
0.5069601434891389 0.7257815062367227 1
0.8493614278167784 0.9297415092143274 1
0.6042374161027545 0.12335409030500322 0
0.2796449884738309 0.9255376366384752 1
0.46414439727852885 0.2640591651381349 0
0.08755280320532799 0.4405950412426065 0
0.6745675746402886 0.42161977222721947 0
0.5432013783457444 0.7733547041584361 1
0.8394602640699278 0.12110647434525634 0
0.9633681147796772 0.3576543287008366 0
0.5342029215346563 0.09595594737151969 0
0.5446348849774876 0.08026761369043289 0
0.4353409494818674 0.24785817358229978 0
0.7326798863247429 0.41324150027225903 0
0.8756986941183805 0.03444281469027488 0
0.8584504241034718 0.436279703664176 0
0.7572553038490976 0.06518454410407803 0
0.9633408987268035 0.17553479921745185 0
0.035700828684502084 0.27959156961430087 0
0.2183931363428837 0.049113603398075356 0
0.4538220697634813 0.3224483836097949 0
0.6728343161568071 0.877009147258712 1
0.8671078928880251 0.9220903186797776 1
0.34395021294978856 0.02033046476801903 0
0.35883612303013 0.31830834357969184 0
0.5129243224169857 0.035874929376604636 0
0.4235441307405907 0.8203242868714893 1
0.0566275796850062 0.7526500648778878 0
0.952148444711486 0.7086975602091256 0
0.46149026861389897 0.38435917279585063 0
0.39080924308811194 0.16350636651733697 0
0.7496878377333577 0.07036938687068994 0
0.7583564025472652 0.23651922325114993 0
0.5249248028043261 0.7467823567778349 1
0.9946367689723005 0.724668131804184 0
0.9597888321285469 0.6998436357889711 0
0.5415798305580765 0.22367039244610099 0
0.5655624483739758 0.6334026352641532 1
0.9601083570951086 0.6985403623502527 0
0.45411476827798525 0.301621547274435 0
0.5019293993976709 0.0036354486661018814 0
0.04571757363475104 0.303503637586624 0
0.5282393077576144 0.07826639515027722 0
0.46873472750449896 0.7737121323347006 1
0.9447768057146289 0.5038558594782997 0
0.7508372056301967 0.13428127667136214 0
0.09294729724555029 0.981225735024295 1
0.5738163584368194 0.3654797006022824 0
0.19408856959119514 0.38054298752003735 0
0.5235880689898276 0.22282285279771274 0
0.16216666201570962 0.4308163174761911 0
0.3769428600304676 0.09203724451417006 0
0.06619592607750335 0.1357795836996999 0
0.6791818842169846 0.734780955610693 1
0.6270105777961037 0.2620846637106047 0
0.5572046916376591 0.6732176150378792 1
0.7140218795606773 0.4543865615771856 0
0.809214079899397 0.9095622932261159 1
0.7846772435156694 0.5030774857603834 0
0.8174350241845354 0.0824403160357916 0
0.31008938899458927 0.39506728010392156 0
0.008228917978147399 0.27038342821884853 0
0.26204306798067356 0.21975560171800124 0
0.3816714713722529 0.013793031926604304 0
0.45479775186257254 0.05239123672239587 0
0.2270944727062899 0.9673926005618279 1
0.7016919933386677 0.8957417120317838 1
0.34758439516531914 0.9013964492071866 1
0.09351917768342222 0.7077636956450725 0
0.5896185348297461 0.08784127773059391 0
0.5173458622931443 0.8210403410455931 1
0.5090330327490251 0.12471506850984404 0
0.8798689592703184 0.506174547023191 0
0.5824841950275691 0.036672379941764754 0
0.7394602653934198 0.890059932823499 1
0.9973575555006037 0.14416379199002483 0
0.019938989022175724 0.10810219727800663 0
0.26764101579603683 0.9337095787028827 1
0.60062779559938 0.8826768270302712 1
0.5099956053346782 0.3537491297410982 0
0.9918770226026734 0.1312673306316381 0
0.26442357991771703 0.27970074229326536 0
0.5002909065041574 0.9981394548899293 1
0.5802296142374019 0.029354169446757616 0
0.4983899372066266 0.8995288083504704 1
0.6780460719086753 0.0587539263797503 0
0.010508122878415849 0.48222195480239805 0
0.06105719741293136 0.227402228665059 0
0.13816091857514312 0.9070410065481189 1
0.8366807430887914 0.47442115188205736 0
0.4276647615039366 0.7000058588422452 1
0.13983510292550316 0.006272742604415904 0
0.045217003653447274 0.750503853736965 0
0.37132886346137983 0.39962939633871264 0
0.240781492290554 0.36983926295772207 0
0.8134979956959262 0.2233968521466997 0
0.5757595387046671 0.7920012368056523 1
0.8016972157129535 0.4268820587412009 0
0.05644694468765066 0.6141642208324462 0
0.44039959644340687 0.13472900538470922 0
0.4076776346177834 0.12852369078440196 0
0.9750767523696214 0.6609647175966793 0
0.7847227828934187 0.06509046012757203 0
0.6284670006228704 0.7404118373299485 1
0.5785790754773243 0.7572083094692108 1
0.8650205728344573 0.5967675011756572 0
0.3688015588650241 0.2547730875177022 0
0.944261031592255 0.6736223306033157 0
0.8628805649141079 0.26533581023935315 0
0.6809671774581776 0.46351651041990516 0
0.16566592986943496 0.9615883207191411 1
0.8026326507930918 0.8613204900949116 1
0.5236277975555089 0.004958587634983025 0
0.12345365559031773 0.40363347979949693 0
0.19450011878348716 0.17002656192009702 0
0.13035530725044775 0.565117292477934 0
0.763387729581437 0.12871042254294962 0
0.6805413566511527 0.42483741946613696 0
0.2972471797187789 0.096454035992662 0
0.5848127475957382 0.6854175737549565 1
0.6829884210143208 0.07239677957824298 0
0.752914231190235 0.9430701290951932 1
0.8941630395217113 0.13204357694814906 0
0.11242518473847529 0.12304562015805176 0
0.24449066003907094 0.19257055236625642 0
0.8510836680563598 0.9497118412543388 1
0.8644873956507397 0.5342727891088966 0
0.8320656178356908 0.5918267272076051 0
0.7810242903793957 0.9270151037744695 1
0.6949230159856168 0.0401353605337208 0
0.26313023873913033 0.9737199410475723 1
0.15293672097286215 0.11907809869878438 0
0.49349962791090696 0.016514879702852037 0
0.6440630458401213 0.23879672777528793 0
0.22902002029364676 0.11223596076216336 0
0.3904261620005981 0.3177106059098055 0
0.22306120709252308 0.48753559125769086 0
0.3133387671305006 0.9628120931401403 1
0.6402030960609663 0.25506192999291233 0
0.7946662648015911 0.43394582409640814 0
0.5280235988124143 0.0189353747587494 0
0.236103587269063 0.38861172523565934 0
0.08739616921532989 0.723042894498418 0
0.9500303524403684 0.05081158259214158 0
0.07902251072960265 0.7501985575375086 0
0.37757220695667837 0.29308872425560817 0
0.7164455624802218 0.9789757069731384 1
0.10273530612436121 0.21748962157003993 0
0.9350482296203854 0.04319966174717571 0
0.3384606634419325 0.8086932358949521 1
0.07067515349721876 0.2876419328372024 0
0.2947998966835663 0.0644725429994979 0
0.8850873395356575 0.6159840070485967 0
0.951269499482662 0.005049806504655252 0
0.21856314160157553 0.9550905125536484 1
0.6244233060053818 0.33774444208990895 0
0.27432457635444185 0.7952808173033886 1
0.47292516605831547 0.8006834928315092 1
0.6325776762611154 0.2973822767800508 0
0.6193737307706954 0.8303876797788807 1
0.02264577819427771 0.7731031445062452 0
0.21194286057709322 0.32570840040664917 0
0.2755140694236221 0.24441788115671026 0
0.4049825176817319 0.059313701881497205 0
0.5032901845426183 0.1892363292702962 0
0.964653583235641 0.23546617546900328 0
0.8411805947887822 0.9704292782281029 1
0.8216555148541868 0.14264551128590008 0
0.45667394408256934 0.7359629233249311 1
0.3593116608251322 0.7412245959943526 1
0.5295763676582073 0.8757738407824983 1
0.4953218075799912 0.9056877032092252 1
0.8398525546928419 0.3669672595183954 0
0.6593018044976325 0.3208691296521693 0
0.90674884897457 0.42166206539628337 0
0.8806557919027685 0.44761005262114006 0
0.12330438893381901 0.3700609812121226 0
0.0605615985088237 0.4330447404633866 0
0.8716246130378897 0.1545706032067956 0
0.14939073662805902 0.22475897052040217 0
0.1390544689947567 0.35930571442397485 0
0.2854888679509795 0.29703443516955486 0
0.08252934937280942 0.3699396978413807 0
0.8809602828661103 0.480723170515189 0
0.46796144009761376 0.39950107434542903 0
0.29083296433972017 0.2941623772740303 0
0.2619021125042905 0.029319754543980614 0
0.9238066381885829 0.49080956619325833 0
0.7969809390564785 0.12008330375350429 0
0.9800517928319796 0.5729167507381292 0
0.666444019439606 0.726199364349904 1
0.2083110998543194 0.07188486713056896 0
0.12185325874448794 0.9187431757380384 1
0.6260493330772329 0.26744642471967706 0
0.37123856937585986 0.2542357024143498 0
0.4880917828725094 0.18936722031909936 0
0.7039273494472565 0.9804935081291816 1
0.5893988996963112 0.9855082268582598 1
0.8760378492036429 0.2655054978362342 0
0.1436932989838985 0.11870204981452381 0
0.6357634155890036 0.9242351462467595 1
0.20435215325649847 0.060877999348521894 0
0.6836686249792767 0.8122068364193201 1
0.14326408070415153 0.9072276250811548 1
0.06699664332501032 0.6835145928833755 0
0.19055411742282458 0.127718346155979 0
0.7993035144317168 0.1914926228153102 0
0.46650505596413694 0.922588029492109 1
0.6806660780834362 0.8295881620408573 1
0.0315033495055389 0.7877062540078484 0
0.02894056217045826 0.7636625631492512 0
0.08742536557812597 0.507993180924244 0
0.7035256375540428 0.38766609557490916 0
0.7911579395357016 0.035257629806174307 0
0.9031570980028446 0.07916934179209356 0
0.27857131547678693 0.06797241745247817 0
0.6760824802428599 0.022612331140683395 0
0.6634948338871317 0.36551521929682673 0
0.3925204113161277 0.4055447241733209 0
0.01425774166658933 0.28039012482219383 0
0.20895780801142916 0.025940567034701822 0
0.6309182630208932 0.20677737636231752 0
0.5373469325429222 0.953067779473861 1
0.21297486583467806 0.16228750583316942 0
0.8409655009672281 0.9559803514949097 1
0.027198867260759818 0.5142497812909506 0
0.8028613864936344 0.8683873917467173 1
0.32342807148526453 0.01912339518643902 0
0.6916602943391879 0.31605827988247814 0
0.04515765889692536 0.08177724031050737 0
0.9384512984853597 0.0547077359556607 0
0.9641393913073297 0.18578910965752826 0
0.18401338785385435 0.4593408419054157 0
0.6521822130857168 0.27138961459616784 0
0.7297273869868645 0.24199662298858482 0
0.7343016762581666 0.7126599622516994 1
0.33872613335496327 0.9009476107655543 1
0.5313427464904608 0.0886393672637994 0
0.9359811313929539 0.1991239158189656 0
0.980953366339638 0.8068991953318554 0
0.6551064073819487 0.23503335282072424 0
0.08314751747349225 0.6946696571447123 0
0.8683146348148684 0.9395465281267502 1
0.8105040554936828 0.05205121594834006 0
0.10996570549232143 0.975390139970102 1
0.3172646939349667 0.7742497615351009 1
0.920210710614826 0.3662798873460581 0
0.5144478332269232 0.18471832535095556 0
0.05615469977395482 0.4968726821797156 0
0.932231835985626 0.1836148158461136 0
0.4833290596914802 0.36485696941842405 0
0.509827605224784 0.07044079247930579 0
0.8002596918688182 0.4091417071727329 0
0.18455664683384532 0.07990689993105504 0
0.6866667947893398 0.0979913852809633 0
0.6185701170026666 0.1564419944755484 0
0.152138824549633 0.6324598160260079 0
0.37370307695970184 0.18644587019351921 0
0.8043906724015231 0.08939498914260313 0
0.898675752493142 0.31123132960042466 0
0.7767882458568524 0.7930015279308916 1
0.451307998049153 0.6524491635001548 1
0.7655506721144312 0.3885822120523549 0
0.30399570842904455 0.34274887642969687 0
0.4439355224822311 0.12500460462842533 0
0.7438312553359488 0.9971107497903688 1
0.9741749698190924 0.5485997138330432 0
0.2550194201908662 0.47276950039357013 0
0.40038144659510755 0.0718151390602414 0
0.2528720487875632 0.29840929436738217 0
0.3158900046540778 0.8060911629041907 1
0.862211468837535 0.13794085048196225 0
0.7065982165993173 0.7206866039140132 1
0.15635351869105651 0.6195000088357093 0
0.0641130465645654 0.6390339766151557 0
0.5272875708523735 0.7877476538817645 1
0.005756711498369649 0.4782207178829647 0
0.3257423963705117 0.828958283482442 1
0.14747192309162116 0.2651985859864565 0
0.8791471682400109 0.1203008465192803 0
0.8103213928113354 0.019299484657465116 0
0.8011028200811513 0.286601132937498 0
0.07566294606203394 0.47198079774741686 0
0.021159959607271017 0.0378279267945244 0
0.781177576219857 0.8978681977802337 1
0.05946754581890279 0.247300471656541 0
0.4217734248725571 0.7417425449231058 1
0.16502905898542009 0.6180794806093541 0
0.30952210118199563 0.4336181411168002 0
0.7957668203479729 0.5384979379204548 0
0.4143973516563445 0.36197145800735697 0
0.9481435759715681 0.1709029153174113 0
0.9412551358600731 0.7718093349503946 0
0.6563061754172348 0.7568611058031663 1
0.6020840239685702 0.4207451621340831 0
0.6107813215679462 0.7531000272109366 1
0.707520703087383 0.4330581121168482 0
0.35885411031982417 0.28631214041390096 0
0.346560838943609 0.11914870684483447 0
0.547774908430161 0.6554790087867642 1
0.6681359077119933 0.2114282419199529 0
0.0007159297918112317 0.8053918179236562 0
0.042743543734662715 0.02739991260759156 0
0.5008691346754889 0.8276915948879618 1
0.6715012414814995 0.43462300408547816 0
0.010615472390537728 0.407055359699826 0
0.07545929675695262 0.6396557384823838 0
0.5852678523338187 0.15900177621404998 0
0.7306567135933613 0.45097844449064506 0
0.16423155449001248 0.5818565709723935 0
0.025160011539888116 0.47227944992434223 0
0.3076627065715718 0.8243769951274925 1
