150 2 1
0.6345358075024354 0.3273587956693059 0
0.44459318982415186 0.7991891970483184 1
0.5251170204278627 0.9535561669532522 1
0.43933213449411535 0.730108617900477 1
0.8003459320796651 0.436808635786603 0
0.48047361897132546 0.013836704452075188 0
0.07016980401655548 0.04953577103888951 0
0.9201443042123314 0.7552363375094565 0
0.721278395409954 0.9231717619986435 1
0.5441137533983876 0.14310264125915628 0
0.9491243029071238 0.3617372687716912 0
0.04632622192881475 0.23120669938872074 0
0.8463646306579674 0.6608553184157472 0
0.8293331073843215 0.610358573238819 0
0.3443245963856436 0.5729116895678195 1
0.44246601872712354 0.721918438965203 1
0.03729484082252266 0.8040178946761272 1
0.16716268851720395 0.2004595589702225 0
0.941214494551458 0.1688561258038479 0
0.0134457977247332 0.3171610734745077 0
0.4199348659011166 0.28951210589113374 0
0.35498506368250327 0.5752387984245076 1
0.8373035840097992 0.09134748700208539 0
0.8366656820875623 0.3083772886682661 0
0.9047840905092325 0.09566510625683433 0
0.0936518158233387 0.8151591759215088 1
0.40608882036304417 0.6603046705083827 1
0.1098268827785085 0.09489125991956282 0
0.8189341314961274 0.05344878289177557 0
0.27281860702496896 0.5627551816112122 1
0.12489605547803728 0.5720605802795492 1
0.8177158533179102 0.3890846833953516 0
0.00530475551416365 0.9044576167932563 1
0.2832529643130931 0.9979783799644615 1
0.38347085675206827 0.8019676642313207 1
0.892140664786217 0.6895889337772029 0
0.7515748644374186 0.16359198772260508 0
0.3972619802417605 0.1474315176924692 0
0.4428630596166657 0.1838473600325049 0
0.3823009049228444 0.6996230156411352 1
0.8609375355561596 0.21567100471249223 0
0.9175383902364013 0.32805652446057854 0
0.5298610131734278 0.19346115424679822 0
0.6918592924088944 0.9639497501378654 1
0.3798153911736918 0.8361747734745836 1
0.21159437065359332 0.555642655560687 1
0.7871495410255851 0.29139008261461885 0
0.9659475937751815 0.09500360406551034 0
0.8380944432058269 0.709466581150374 0
0.10501509819857369 0.11493979060344495 0
0.12276731560799325 0.2376905675337816 0
0.9266394240159639 0.10630231220483621 0
0.7980033485843591 0.25617800010471237 0
0.16359828164271917 0.842802712198341 1
0.834768157344067 0.22720714948364795 0
0.5132320762389098 0.14753843794811639 0
0.8866851473638024 0.5758218477392556 0
0.40205985387370213 0.017104729241966266 0
0.18307555565705746 0.9772581612345603 1
0.26663142352903446 0.09088242795263612 0
0.6888522274980846 0.6456673725666716 0
0.04461979272034189 0.33364776445181343 0
0.7486489166480207 0.5300023507106829 0
0.7772106906991952 0.2886931041897953 0
0.965546245519609 0.6763477334964013 0
0.26372566744319803 0.024784410350646602 0
0.32772588663167 0.6643039247663677 1
0.16187457050743614 0.859105523655147 1
0.30754925870734184 0.1854583777773292 0
0.10034091806290457 0.7683617588814976 1
0.8232590879603602 0.34166555011222755 0
0.002292706468557948 0.13503706638025514 0
0.6715718869175852 0.8831680190711906 1
0.8106497764112564 0.21636820339421736 0
0.8829733022911358 0.9181536687716259 0
0.4437199572581654 0.1002665051331888 0
0.8838340450576151 0.6356673486928465 0
0.38945554631608337 0.13651759217486403 0
0.6383222668169293 0.9383615909004133 1
0.882629328166487 0.6233185595334482 0
0.1155048001416702 0.6350090361649461 1
0.9540143018066848 0.17197474246820488 0
0.15479753778142313 0.1430542355564024 0
0.967438365422786 0.5057729142551778 0
0.9837173613097705 0.9690954912582571 0
0.6071830154229539 0.44288216476226516 0
0.5051864336301193 0.8716954194805272 1
0.5646579758313951 0.032926604944621296 0
0.6282330241381715 0.9199541096899272 1
0.749720197848706 0.33181904660997186 0
0.2416802574432192 0.8863683121398962 1
0.018888955436924704 0.6370164458611124 1
0.2519638618051725 0.5262886709993172 1
0.8612660748115775 0.7965629492998647 0
0.5356188225484494 0.8867608410443047 1
0.5453153758688065 0.7222444137820135 1
0.8899111189906224 0.32055224767759627 0
0.29350821155351103 0.5399494952335949 1
0.666650581125277 0.35070037238497676 0
0.7856708023782752 0.17996298652216958 0
0.6278805727899545 0.2867912139985065 0
0.7709488363164186 0.035089720739546415 0
0.7100017887000504 0.4210231959920975 0
0.8919672170701699 0.2850199966970468 0
0.8851656166157994 0.9589345239120628 0
0.17141194818293348 0.07783054674399048 0
0.9664092501418674 0.9232967004889976 0
0.2799723923736037 0.20288212107586856 0
0.8334482438529759 0.24101674265950357 0
0.9093151430971108 0.3177076396982782 0
0.19657107273940577 0.06688120589130564 0
0.18314261710738955 0.08547452764730268 0
0.20122600137088975 0.8332240892857318 1
0.26750116515142086 0.7583011417158403 1
0.07979518773462835 0.16930852621019354 0
0.15184954996196864 0.1543698652250085 0
0.6275835248452891 0.9413282752963664 1
0.20682443729937927 0.7954465975335898 1
0.6471331575300376 0.211374926051754 0
0.2359808208559886 0.830583370130216 1
0.6421382725787058 0.39276625806288323 0
0.736217289920653 0.026420960722572606 0
0.5919676705266298 0.9393999069040133 1
0.01186564696970116 0.018227337664597387 0
0.2661525751207451 0.5626192891414526 1
0.9918930757392901 0.8152122430557923 0
0.6833464486648619 0.27196420062037474 0
0.14681692569140126 0.8363633244507819 1
0.9972999249372176 0.8033889005351461 0
0.1176742613551226 0.7207721842669789 1
0.46795113141475275 0.7405118237736111 1
0.38046572488301766 0.7393976117656905 1
0.9427489961201163 0.028419667276297078 0
0.18966841552053249 0.9058465837509966 1
0.6687877279993799 0.6056747076569825 0
0.06700643439129761 0.5897512194941993 1
0.9186803700398488 0.12983454477481127 0
0.32324924849706027 0.17888925674282818 0
0.5361111752933223 0.8501335097443979 1
0.06056451629537429 0.6569814174636542 1
0.8712603614287268 0.29052739031288277 0
0.3894114561213714 0.710586217509961 1
0.08283490965136386 0.5411937043134226 1
0.17079563292273203 0.21618517811530324 0
0.3331726264587347 0.08533018024257899 0
0.08849822804507712 0.006324488735127032 0
0.33838612016756253 0.8509839815831721 1
0.5940242325434736 0.9745037136398943 1
0.9687537753994641 0.826275135072288 0
0.4572714785215306 0.6856844899126642 1
