1500 2 1
0.35032405283273105 0.0643612196371991 0
0.2333790606281324 0.18607634446146815 0
0.17491474205810065 0.13560949937263922 0
0.010698988314040925 0.5511929014076737 0
0.7471469080032797 0.25897213105017414 0
0.9323351718140035 0.6680751555577009 0
0.4527159995518879 0.009779825471978087 0
0.8596840097551912 0.018223760137106026 0
0.5192029002280922 0.9466763844183218 1
0.7035590318701173 0.11901714172175615 0
0.0609571050456269 0.4230131980329167 0
0.5164702713590567 0.2839031768174317 0
0.3772868005482193 0.1324135268208846 0
0.6660717487386248 0.06586190992125363 0
0.03418937354091145 0.10758279768818668 0
0.7878073389424134 0.5262806458335302 0
0.04674040830498716 0.6465873376137301 0
0.6956556240229661 0.7969716975324717 1
0.7060443297626972 0.24822933434002603 0
0.3304243025352571 0.2628448645682321 0
0.8385222839767887 0.043163467236961184 0
0.1329067270238159 0.14464025191476726 0
0.47749386175003306 0.6038013206991256 1
0.19794568652355937 0.55674265680341 0
0.4623061926833182 0.661067254542254 1
0.14801082229635354 0.9891942676806144 1
0.744250237301789 0.41738605123764894 0
0.8679784189905522 0.25558527516344176 0
0.5173613884246271 0.7805103035542502 1
0.5368458879704487 0.07761661877802628 0
0.00037718174187728604 0.6487000989752795 0
0.13713272127719534 0.1257690032098011 0
0.7211699727921251 0.06923413445699989 0
0.2552041984797637 0.4502164668689719 0
0.8249204933296661 0.5248701412070389 0
0.5317499993529714 0.6836287066383138 1
0.7025115598073208 0.26367019010410087 0
0.3522058643792847 0.4252494175286995 0
0.5153674985606564 0.3930409979060381 0
0.8696121085528402 0.4406632678411576 0
0.4222974870195265 0.8423752656587917 1
0.5913462042128447 0.8249494518568726 1
0.027386939317860515 0.1708960588090208 0
0.04893299567583986 0.2738692048013921 0
0.5766855261867846 0.8799596373592069 1
0.16069763137865856 0.5664586928456564 0
0.6814568402610374 0.0041726631334666475 0
0.3438785440776103 0.08631803444401909 0
0.6324335964460016 0.03409209716011141 0
0.4736513693218679 0.7183175199004296 1
0.5836829756725526 0.25176163940613394 0
0.6169943889302275 0.8184146421299312 1
0.7784902447333701 0.8383471435191958 1
0.576133517903837 0.8149912605353303 1
0.0928749897238843 0.7161365110763527 0
0.9327524339867197 0.6939566165332086 0
0.5713752299161324 0.8840348122543923 1
0.870093160658743 0.1836455721224275 0
0.02290288913791505 0.7701457141416158 0
0.2277541259196343 0.42527251385892817 0
0.6787097657312698 0.03784005014956693 0
0.6911923907487801 0.7104745321950936 1
0.17841208541063924 0.0699249416191664 0
0.8157219203445503 0.5935648310150333 0
0.3648110236583668 0.1033850081404667 0
0.3367518221008635 0.3616269108003406 0
0.4398579549255458 0.6259743565410251 1
0.08604636489786921 0.33751741303687455 0
0.2684857992398224 0.9685821148624698 1
0.22181168559459474 0.11416783677187503 0
0.16494689490524328 0.1173815267747822 0
0.35705165991442256 0.7751596144376051 1
0.06365912446748878 0.275943875063127 0
0.3276556142800079 0.009187003494019796 0
0.8529010037856037 0.4778438766655202 0
0.15841310722465796 0.22966351797357665 0
0.028292138423575808 0.26600173005333405 0
0.2894837157535609 0.8152301147024971 1
0.004766904357063506 0.33415237739303616 0
0.5777044639016201 0.39555098040963077 0
0.6182364697494528 0.872437649776596 1
0.8240805741795236 0.20257330335766732 0
0.6863450044111699 0.3866505919152572 0
0.0016579742525142382 0.29770444779482874 0
0.9621464258260964 0.40110409754953313 0
0.6139820397211064 0.0043009339180867245 0
0.0936498286816948 0.4224326883673747 0
0.7062777956055348 0.9742806969352513 1
0.775841198086019 0.4395395332139497 0
0.8954584255061007 0.5794080793896521 0
0.2081530875435812 0.19693285998429821 0
0.9766149866299414 0.1997993842549639 0
0.5670989726375434 0.11599238493021491 0
0.2364508400593952 0.3309187190506119 0
0.7739798890321996 0.9381679590270043 1
0.8599496487531137 0.25629276719406713 0
0.28940822731136184 0.3914120264373874 0
0.12146706884959291 0.5172826073940354 0
0.36734797707351174 0.09041969948483808 0
0.7518321464204916 0.9380777774842087 1
0.09688356845637403 0.39501001783288026 0
0.33955709339975215 0.35448510611600903 0
0.4889785057520949 0.16940113567034465 0
0.8963530867354408 0.36861754937770197 0
0.3582103086545353 0.3735101989430629 0
0.7217593456602792 0.032684953764853586 0
0.35378196367404213 0.37126433080989196 0
0.20367444232648102 0.2807262588322943 0
0.28361919780025313 0.012827125093041403 0
0.5265467060657384 0.034833616643113574 0
0.2620819715131657 0.3592182908893762 0
0.23293954537763428 0.3671326467161702 0
0.7104201396480535 0.37972772993468173 0
0.7422998134168147 0.9194711728688719 1
0.8725374699379349 0.13014698131410274 0
0.8007246163978083 0.46308389861868204 0
0.8440600560753649 0.04877794265629287 0
0.8286662864349081 0.4512569322072124 0
0.3541417834175282 0.23235471173213595 0
0.5499875233353134 0.7627477717159207 1
0.008196582487708381 0.674206266519 0
0.6669530584577459 0.29163017616302833 0
0.19766170068196798 0.14633524397784825 0
0.16296228097598076 0.8294674272503574 1
0.2849124332016323 0.1494441947668239 0
0.06079362971249891 0.44539508792588844 0
0.571739919671649 0.1500516256599993 0
0.764113988362098 0.46364074552732404 0
0.5960612394409733 0.6449353270469019 1
0.3640712363867028 0.18737669486246655 0
0.8955701036787936 0.9716930665695892 1
0.2385120594294916 0.9566167001984527 1
0.4987773057333731 0.015622263696744576 0
0.037179026229517964 0.22640395834933535 0
0.7087087997413909 0.4383221793947085 0
0.5039979200219519 0.7827520800686825 1
0.4847101055338132 0.22933684948550204 0
0.9046341981485807 0.05029955414242415 0
0.5512387721080487 0.0006912002412260421 0
0.3861885759049435 0.03687424217024993 0
0.8547960227193193 0.9421891261331499 1
0.29009317152048275 0.18595705553674913 0
0.9912939640136521 0.8059868576628947 0
0.875154650811836 0.6574295035578138 0
0.19669405077391844 0.4647154013514875 0
0.5563870399618404 0.6770817567638358 1
0.2734344331135873 0.8527761469800238 1
0.3608025602334911 0.8430322100893144 1
0.11489551878833404 0.33362500354448155 0
0.7145843739956914 0.0459959859187955 0
0.8124910412673262 0.5467128518252394 0
0.03446311656785439 0.5332827190406634 0
0.9961958955836442 0.809467105071205 0
0.5238291445056795 0.19404012286099248 0
0.4658915600987549 0.751839094717976 1
0.6844191365422833 0.052943093568563304 0
0.1292846893143631 0.5685614633885742 0
0.9686944457905257 0.5308578143614973 0
0.09516740656612588 0.061347325804182784 0
0.6608436692898247 0.13232863546315476 0
0.04294645623428517 0.47989802666560966 0
0.9316845766245694 0.7699463447787809 0
0.5280743116003728 0.6386319206821058 1
0.01851649942480038 0.36689034431830214 0
0.36942037167792197 0.22099838932188598 0
0.6313262234995874 0.010545630804490003 0
0.6809217476832916 0.7716059227382599 1
0.7925119629448253 0.4372202404586122 0
0.8630798563756953 0.5051991324826913 0
0.5576397234413036 0.8963663202983101 1
0.5265666207427533 0.6932728129928789 1
0.8175258802523098 0.4974484596594927 0
0.3067460058639485 0.3737558110883912 0
0.6903115227629711 0.2364344469187004 0
0.5236069813042811 0.6770900956243305 1
0.25858485309274626 0.5060244412957363 0
0.6704601065931307 0.6627101105753588 1
0.5795645789104992 0.18583475341722877 0
0.1988414125455623 0.03062244904075706 0
0.11661776476992625 0.6926978509581482 0
0.7636346991964315 0.3556864668185199 0
0.0731513606439933 0.5523509614056651 0
0.722740005715529 0.39955060628931705 0
0.35775853852884953 0.2870747670625853 0
0.6398002423335016 0.3408999788720065 0
0.05004455323374468 0.4572280959535997 0
0.24497174363168916 0.23412448021170873 0
0.2573090038505721 0.06723793237346876 0
0.6326207129339994 0.09414396480434406 0
0.13758761736969394 0.10802951490126955 0
0.04603444618723773 0.3550374760546131 0
0.8105007501270782 0.0056891373054234196 0
0.1842641919487622 0.02434947170109003 0
0.5981316975920397 0.9494297415262938 1
0.61485693119438 0.20912804224051018 0
0.5573417892409057 0.39115500614375953 0
0.911215967080936 0.4046584993121175 0
0.8205908447918471 0.26579168337256853 0
0.14853537436625142 0.8788404832825238 1
0.4236405507181471 0.33567777914902286 0
0.16680701790102204 0.03552153957389381 0
0.5905873292022515 0.25905911553093675 0
0.272725831818609 0.4118961847802838 0
0.9332730189780214 0.5204270198015893 0
0.739945614059354 0.7401261127501944 1
0.8625306853291954 0.6035186302147516 0
0.9072731488735762 0.38117232837047244 0
0.37828418435206246 0.050238935088110614 0
0.9503045985393431 0.3161653404883158 0
0.3843899485700757 0.29614530910348213 0
0.8049904213260521 0.1964925322986506 0
0.41933161323506574 0.8141854275959153 1
0.3127572531068943 0.33369677644451057 0
0.8710735744531224 0.5848906561067448 0
0.21934291377655457 0.8219695642000956 1
0.94751348852821 0.04387032461881879 0
0.13877726596392548 0.23802594611645023 0
0.9893348725446481 0.6933164426324832 0
0.3158700870387824 0.6951064542587317 1
0.4705120607135127 0.6441193760298141 1
0.2870024411605633 0.21331101950237508 0
0.4712306981674672 0.8586008321328364 1
0.21581564535324593 0.522117253268483 0
0.8387811300668746 0.45539735289169614 0
0.9583410769967957 0.2584412488694965 0
0.7322068798145399 0.41318315911460823 0
0.6753998021177434 0.3049482498282271 0
0.49767388203754537 0.8743321084198058 1
0.2482757021741111 0.38221397619329434 0
0.3905175715827539 0.2551766703544909 0
0.0902678575532545 0.22692946632571753 0
0.9473271715918318 0.1954552410341467 0
0.3328354539627403 0.3266674139171173 0
0.6478024719582155 0.7424354404240882 1
0.7296759344388043 0.26425592550934585 0
0.1609055915767793 0.12266990935157096 0
0.749211445427337 0.12576075152349941 0
0.0855087068515673 0.10160110990077864 0
0.8454685410949159 0.34010223427222086 0
0.7259195729893291 0.18478911709193102 0
0.16199972822385855 0.47948518878748625 0
0.9100696043753848 0.41385108012624416 0
0.7067203758366014 0.27496942500545296 0
0.3055608550774287 0.10354169169653005 0
0.030248881804404548 0.7240625177461647 0
0.9248179280058286 0.2578208610015694 0
0.49916495169962105 0.8459222764239482 1
0.863672579713654 0.2873719368501806 0
0.08198874659999367 0.6087513360964147 0
0.3391590666262183 0.030366913327521616 0
0.8164652284238876 0.8614060674096184 1
0.3649591330412465 0.3048705400887387 0
0.4956418749366035 0.332253715652857 0
0.004839249276611279 0.4945786968008402 0
0.3749360504012622 0.2837469379442793 0
0.15729319568557198 0.40713553057172747 0
0.3768300936074842 0.02650939983694678 0
0.1503379044082328 0.35726525006145304 0
0.7515750990712982 0.13393136005962059 0
0.7409808909344916 0.21311935995510867 0
0.8279967565284487 0.2864827456357659 0
0.906237440260319 0.6097232186606214 0
0.5077583040115127 0.883618044520009 1
0.6363289724893547 0.2842473650570656 0
0.7984168744512351 0.5580466675133119 0
0.7254647579656596 0.14010242324579902 0
0.42701058537981096 0.3874147903646268 0
0.16111921268792428 0.6279812547432708 0
0.4357477844659279 0.05854930199731956 0
0.7432924717314917 0.7888457979893245 1
0.7022923485866552 0.6819047752870478 1
0.3684429344948116 0.03219582453358283 0
0.09978651774441649 0.4765259041404788 0
0.36730524939011655 0.26463233846137035 0
0.3661825744776782 0.9352004318390924 1
0.48132688024531467 0.9057000327042926 1
0.6202352678019102 0.31245158437779086 0
0.9259509958513609 0.39961795296827296 0
0.1969386265517732 0.1553614526641537 0
0.3847954198540692 0.641050657993651 1
0.13342705252362497 0.6452764039091672 0
0.6332067198580953 0.9405846536169941 1
0.4834427216659354 0.7027861859654035 1
0.14227513534921288 0.14619259618801128 0
0.2164620558580692 0.27776583565909263 0
0.05141870691664474 0.14507876737424452 0
0.26620014017762306 0.754631692112274 1
0.12239724684065256 0.4921585809880443 0
0.8041984784678203 0.8935083994673034 1
0.3648506471755134 0.2262672615148129 0
0.09616984306566456 0.5014429730332731 0
0.8858548921407716 0.5815191245880348 0
0.2651817839346373 0.21346292547140389 0
0.7244862722182981 0.9514985405240388 1
0.41146038190754786 0.8076153176134604 1
0.38633697074299633 0.102722160013209 0
0.233030551652197 0.4667800516678704 0
0.6184352935116381 0.40595421324614145 0
0.07093658782285195 0.297701200668571 0
0.6572528389031079 0.2079857706436894 0
0.8556573833928736 0.4767889152973125 0
0.06396993481537006 0.136188701940817 0
0.7728909620542574 0.856734633185016 1
0.2603767647352576 0.4590017048766175 0
0.9118366942326538 0.5003857093734404 0
0.8322241412356709 0.14733149080691121 0
0.6305725586120667 0.07381019456139215 0
0.9076372066648546 0.5053306250069167 0
0.16531237343391458 0.22355504234414347 0
0.4177875093157086 0.26308950759765626 0
0.6273756178735796 0.6522741831692263 1
0.82332744637928 0.2610591415032273 0
0.3071616942189578 0.4133750902997958 0
0.3256688941318657 0.998177643250514 1
0.7375839684031535 0.7224269961060026 1
0.8060826688047369 0.29808592430643155 0
0.7684593447219792 0.1343572801404619 0
0.8436699925200356 0.4760797965463104 0
0.2053451401901083 0.005185060110134088 0
0.22308374530050712 0.32218566636735113 0
0.33332737090908404 0.6980871632338957 1
0.4868362431043579 0.952365638524796 1
0.8421361221568977 0.8344678584139421 1
0.5887457170349915 0.17819324978238915 0
0.96278217509985 0.1837971461209852 0
0.07929285261844643 0.34416219630797207 0
0.8308360975537248 0.3518713613175397 0
0.17627538812858112 0.9751186305364336 1
0.97283055292362 0.8050361889987754 0
0.7104505655354699 0.9253629130753168 1
0.05433711155080967 0.62591628531332 0
0.04615686371823979 0.535578782801913 0
0.4398524245231328 0.3428201703613709 0
0.2340328029279628 0.2982650055827273 0
0.19188583899168843 0.24747516046495033 0
0.8020516746889181 0.36750433695125995 0
0.03409708910838405 0.3015211498564949 0
0.21761232720639223 0.2827853938439058 0
0.9318237006458745 0.7395213684697923 0
0.09829981213730521 0.9529941169079725 1
0.5397926073748627 0.1971264317436897 0
0.6569742787278493 0.2883278397612429 0
0.7760802493174077 0.14775344062333562 0
0.24130384938352623 0.4961293223762969 0
0.46207928632196216 0.7335331798890375 1
0.09955693610652483 0.0297584154170194 0
0.10572523403402989 0.37248530702401583 0
0.5541627854455096 0.2889905639196867 0
0.5641661067707204 0.1783263818096854 0
0.48988410133107474 0.19147332223347624 0
0.6503222873974122 0.39315147063413014 0
0.43149962759237515 0.23215294760074923 0
0.0768611127252311 0.6191893206314372 0
0.9012294789168732 0.07566921251208292 0
0.9520712261470609 0.7727913095908296 0
0.35709115553831483 0.7589869510395986 1
0.9764327275693936 0.4246417777487008 0
0.6861400280630251 0.9081190461823397 1
0.472702617554581 0.1589007776501833 0
0.4297909239286035 0.6863274353813118 1
0.1115066187739936 0.016853861070569742 0
0.16255852197199538 0.9475653786282127 1
0.7235152440721881 0.4409470930614343 0
0.08966147515511591 0.984766566399842 1
0.4889458725348118 0.11903991923454449 0
0.003938393207534974 0.06957983144104174 0
0.8574767151997839 0.027722723893830792 0
0.8443754545829905 0.28883837234652854 0
0.7875089961598728 0.8622987463652679 1
0.5350676660031343 0.19807513819387235 0
0.4117771557309603 0.8391323149597143 1
0.008262243297993743 0.28412821971582836 0
0.020036293294747876 0.5265335149082305 0
0.4103446017272896 0.2178993644084254 0
0.007592694539768519 0.15920163959171385 0
0.8093122413032598 0.8757044907033065 1
0.751908033436171 0.8186482947439307 1
0.220911258698956 0.20333607744384852 0
0.5034229397728202 0.12983643174442638 0
0.6910118214528689 0.11676508091906068 0
0.6099557962283177 0.7009666613046043 1
0.18456537114663552 0.1695250572224949 0
0.832453824201676 0.5245324611732912 0
0.4858314672626566 0.7397181853999841 1
0.5780941116224475 0.9761449203917559 1
0.5746540546627683 0.9112604005351866 1
0.8500162760329495 0.4629886125846131 0
0.3343651326373317 0.35261187347223166 0
0.7748099161419443 0.481192413080368 0
0.5395842348529615 0.97528540502529 1
0.36576059679412043 0.8285376250445206 1
0.6790731217064148 0.2835354405064793 0
0.6765095756764907 0.13378073528202838 0
0.37733255595638016 0.8987974988695564 1
0.638161819937168 0.9462719868198103 1
0.8566746308564994 0.3570302557891075 0
0.4732361863231975 0.2727291440849321 0
0.501092271854507 0.2736917929014605 0
0.5202371391187858 0.3555704219076413 0
0.19534416991565418 0.9717517770255004 1
0.0011269774656892384 0.19318056523880234 0
0.18935001674952412 0.09212455650191165 0
0.4478733812128973 0.64523636258716 1
0.42572463782240955 0.15775258487787658 0
0.2904605137895526 0.08431999705967741 0
0.43531930229662263 0.9697107803832482 1
0.8944825502782651 0.6995772587538792 0
0.7504207832020128 0.4504425578921838 0
0.27646869822685494 0.2357852866256418 0
0.700832998877578 0.7253987564725529 1
0.03621233210798702 0.4718061506393073 0
0.04860381287735327 0.77010886196911 0
0.726294121681088 0.36562803232875063 0
0.9589395661867121 0.22624963576486556 0
0.06284019604514879 0.7634664113665571 0
0.07845119970956183 0.31824087737739404 0
0.0878632479665995 0.40187126229860304 0
0.8105460700311875 0.5392617237087403 0
0.08859174602791631 0.6193867299598301 0
0.9742631270870912 0.41544612984959206 0
0.614724791724985 0.25392487182664414 0
0.7195261684555324 0.1961487946491729 0
0.5515907646081744 0.2930878867204828 0
0.5455956452269718 0.3290265203869094 0
0.4558263966943388 0.31536460823686463 0
0.922877721365858 0.45081185641959154 0
0.7841377898131628 0.10782849661405236 0
0.9557500150643005 0.5382313235361337 0
0.4365616959170264 0.9607518288569941 1
0.9928360497759936 0.005088987544060952 0
0.5076525447967201 0.001712644836045163 0
0.4888002770337734 0.7105734253021523 1
0.6479163929442937 0.15579544745949636 0
0.597670621064924 0.0747543031302863 0
0.8734428729897884 0.09954576148956717 0
0.07648290777756339 0.7157930874816427 0
0.2384551882919833 0.3395456745557712 0
0.7061502477221184 0.9930951559014758 1
0.6169230548820727 0.1711395414678506 0
0.2787322735692751 0.9749431877281383 1
0.34113700130560465 0.7305631008735991 1
0.14477327280559416 0.4954401048974456 0
0.27142014599443565 0.4864615928107846 0
0.11301289226525302 0.4457660993187724 0
0.12057754109650742 0.474097660448086 0
0.09759783476915629 0.06923248697513629 0
0.8231616080457717 0.23875274266812252 0
0.15277284896473997 0.4124308293184451 0
0.6282983716884776 0.3439775500834775 0
0.04878217038333599 0.45491788673016365 0
0.16007953147912402 0.0742389067624245 0
0.9464337571953182 0.3169342778748706 0
0.6369531282738985 0.3887014248342474 0
0.7575798841585545 0.3473488569047577 0
0.9903360773217258 0.6298516015686163 0
0.030591603558761005 0.1477988082093692 0
0.02854247058144932 0.35109648504918556 0
0.8506082575634888 0.32850768756382565 0
0.48585779396015416 0.3796673350418298 0
0.2721491302474214 0.18813023364912018 0
0.7595596162417817 0.08187659772052225 0
0.5502594314053304 0.32688150368402547 0
0.6816358388921486 0.4440971216105166 0
0.016819081271194802 0.25586640001715744 0
0.19939510675524796 0.57403693639818 0
0.03370563000271176 0.11723189721297922 0
0.44393627998517426 0.9837876622717536 1
0.2853658379475078 0.06113571656807382 0
0.4293514598968561 0.8137913395120556 1
0.8516948583645885 0.07284742415709711 0
0.9716267809983463 0.512237233418133 0
0.043970064950703325 0.0015521549243763255 0
0.541820463913827 0.7851126688778032 1
0.6779023337411175 0.926475230557602 1
0.23565969118037666 0.5116873756075637 0
0.1436383527062165 0.3030247256763906 0
0.3684130572227854 0.2856119339404122 0
0.24595586941370473 0.8758194364146287 1
0.9288813487649143 0.2722117413727708 0
0.42859982293679977 0.9965103968864886 1
0.35188999741443017 0.15693247002296307 0
0.38998330525509384 0.8272270684701164 1
0.4492758908205118 0.8498335312455136 1
0.7901837200675519 0.8834229697671683 1
0.06210050062075334 0.37370937766375933 0
0.20917417333795774 0.9458464202455463 1
0.03078483707660218 0.24314049825546802 0
0.00805951576136743 0.7923720966560951 0
0.8064276368252388 0.4781198861192527 0
0.037779182007376066 0.17818158220811453 0
0.35992838269052985 0.9646137413374558 1
0.040105164274459426 0.4118176679246002 0
0.9331480843789454 0.470007217213152 0
0.522833412456529 0.013868835713933714 0
0.07393518988240433 0.11941588542563986 0
0.8377121705702604 0.947204469904327 1
0.4744437385467031 0.736576049496251 1
0.371472942733462 0.29856306857061954 0
0.9941368356203032 0.6418227327766914 0
0.4726251861947498 0.006213300601451421 0
0.4368798758887772 0.3830724272199387 0
0.12490652988802131 0.045029724427529505 0
0.036326499433701254 0.4955093610459044 0
0.23788019066763244 0.11174695305993387 0
0.2515426976680154 0.7661064412792747 1
0.8973052927201914 0.22584724485953 0
0.8948823092872722 0.5334065021375157 0
0.4937255145028209 0.3990706029265009 0
0.0796528338292446 0.2581961742382227 0
0.13440804158115371 0.5339191042396733 0
0.8003616083990496 0.4786260593338685 0
0.10456884934433286 0.03171301971698015 0
0.55701566604367 0.8297142370157824 1
0.8956170782115177 0.4741526726791022 0
0.9695326999445798 0.2901605840180339 0
0.6761111832040315 0.10839345768254838 0
0.37248014945435615 0.18980352527993927 0
0.047229624465836895 0.03543793954474106 0
0.3309678497291506 0.3933101032326908 0
0.5626551293694994 0.7939855387668444 1
0.10032298327191336 0.035126959210098896 0
0.6386796988311148 0.23424251035857535 0
0.1826387996828127 0.2636870419696967 0
0.9767292505785089 0.6236980175466672 0
0.5092618440080852 0.04420762802274347 0
0.2720676769581767 0.88255370848641 1
0.5858007331885561 0.9962646901848907 1
0.7809997480590982 0.5244786372939009 0
0.12362785142176358 0.5508916412288366 0
0.505313482622258 0.883272724950881 1
0.608592279942897 0.3140036327431217 0
0.16228754731506068 0.06096071271055048 0
0.7228466800058426 0.4753845603113863 0
0.7278477875051967 0.07305466317215115 0
0.8214289097340186 0.6026394169896153 0
0.5177742658013541 0.9277118318585238 1
0.8070140773827809 0.5652267245267246 0
0.1479033172411761 0.6293317264907313 0
0.4599784156612521 0.8392163606354713 1
0.16187065418157487 0.6284435319086155 0
0.10673796853525008 0.23914846563966863 0
0.756508089337547 0.48022064774961193 0
0.16553969953752368 0.007868928731883496 0
0.8675564951354364 0.3153323187155618 0
0.9637618297696462 0.2868607059859716 0
0.17914372457599959 0.5658452437782167 0
0.39135070472717526 0.9246016803931306 1
0.6047849458102336 0.6898133222064293 1
0.3156513830404136 0.9020749104818402 1
0.5888004531611696 0.6270625561112582 1
0.2389745780702318 0.8365997908273357 1
0.5372814106729489 0.1220728340677053 0
0.6638521920727857 0.9404805177057041 1
0.9350230099534832 0.6640242888209267 0
0.9643816311550562 0.5046323344929448 0
0.15042181947907707 0.04196888834343637 0
0.5100056532252831 0.6259792841007913 1
0.454987513649066 0.9816182490292514 1
0.09163893036448612 0.06574830037045698 0
0.5444087659498227 0.2621359717337557 0
0.5174046518297775 0.6439407184859572 1
0.2985549999583348 0.09671477326203093 0
0.8586039189452466 0.2174196100793896 0
0.6124570270791907 0.6630717885634049 1
0.3985416985506802 0.7011170432519401 1
0.0075767728987068406 0.5685004424842136 0
0.5364658922852442 0.8075258964791653 1
0.0905507305097788 0.10159604199390726 0
0.6998808708414401 0.4492351844965874 0
0.5704255575940247 0.700597336048359 1
0.7234751440171984 0.39579212334860026 0
0.923521124482405 0.6662341338623422 0
0.43245482339549013 0.3498075136126897 0
0.5552592176585929 0.9755282492849864 1
0.48715056692848824 0.8391502664813137 1
0.6725528653893433 0.2965244813437975 0
0.9430663906953385 0.3729868765504878 0
0.6837455230024656 0.3081554705452175 0
0.13066464745965656 0.2964780507795576 0
0.79448076662234 0.5124960931340778 0
0.0322507232817717 0.20406818439296115 0
0.7222283822587132 0.3814473394597969 0
0.8255452947411553 0.11659191095077348 0
0.42183056779550265 0.6158816671295966 1
0.8816610846347613 0.09092181553394707 0
0.0319806174740378 0.5010587434320153 0
0.44762399790578977 0.8476604725477176 1
0.5402175407270943 0.821876499002745 1
0.9729583989448333 0.23613233588748928 0
0.5533763936233609 0.2115416985994547 0
0.11948484878152066 0.301735680134263 0
0.25813635024831805 0.37824729817412295 0
0.578243635240129 0.3723828125035862 0
0.5140350751217627 0.7592580404276865 1
0.2020028563676407 0.12643423017731703 0
0.027081591100799884 0.026959341980587803 0
0.7975698404210088 0.4068438066269746 0
0.18570523550585316 0.2833970403217524 0
0.20013731086760378 0.9695429912678996 1
0.9796553499487003 0.1871303840015598 0
0.6016612355776818 0.12811288134546328 0
0.9505090336968012 0.0050166870248746775 0
0.6981459980256882 0.45493832453954086 0
0.303415469250529 0.32658392279838444 0
0.7828808896185885 0.909199054950364 1
0.6418476615422493 0.6984821169109869 1
0.17852467529246807 0.12286512124802917 0
0.10217478730217322 0.028936829099149297 0
0.6799658448511359 0.7000981275533065 1
0.8733456732612134 0.061705351215534665 0
0.9000431881314815 0.9569012088710552 1
0.33976664114519306 0.26068160052021094 0
0.8911271456495342 0.9678620428126062 1
0.05381439127455767 0.46977627676942557 0
0.3161744052856873 0.1897610237549162 0
0.6770193518633462 0.0642606377946513 0
0.40418061739588296 0.7736119155627338 1
0.3152576003387805 0.941593026298284 1
0.4069691638931624 0.7335794400181844 1
0.17918867281722906 0.4118765043265671 0
0.24982341544622877 0.840993834201576 1
0.2924227275662591 0.8177002536919742 1
0.11679923277518867 0.9611998020927981 1
0.4282715479251967 0.30738333278756147 0
0.41566713408088996 0.8760748305193036 1
0.5183323069137384 0.7901866924441978 1
0.8989184556819879 0.4817806207979164 0
0.7949571888878423 0.4084135469171245 0
0.07102597662437671 0.6665771286486964 0
0.0036223778741583113 0.2880358700863016 0
0.7133111031535035 0.6938848212680369 1
0.011136647677871592 0.8503949279554481 0
0.9470039583446668 0.5911649379387094 0
0.7347059910590288 0.02118254675176623 0
0.8451565651479749 0.31859919430923644 0
0.08379000682651472 0.4842236853062293 0
0.6559294138623286 0.8038075900423313 1
0.15415778108862166 0.9573705348881277 1
0.4278037725849887 0.29419201111667315 0
0.807876967132527 0.15383679002353212 0
0.6810797519564424 0.13781524713077187 0
0.0635715035247636 0.2756335188392931 0
0.4520878577941405 0.8436075591672175 1
0.7342973256939064 0.40761904593443665 0
0.6008064813662733 0.6470748327013318 1
0.024333379154577894 0.60623107570267 0
0.49901419610870257 0.6652543521791399 1
0.6368190060098334 0.7039333225468349 1
0.5903846336241725 0.058497780456376325 0
0.05944222747266026 0.7658384395894663 0
0.9522179007067171 0.11616137652265202 0
0.17829723841860268 0.46891922614016723 0
0.9122649223646222 0.709850934807479 0
0.760854565785299 0.7948160202276685 1
0.6389400662615455 0.8566203316134194 1
0.23956067255964442 0.9385978724115479 1
0.9680041930244925 0.22819016856113095 0
0.4393598352937529 0.9609153821213827 1
0.7074490776516716 0.48225701297822754 0
0.28640012504196144 0.7623306595875847 1
0.9098010100759717 0.3512435991273636 0
0.7285611746187866 0.9919506607615631 1
0.4940826760940703 0.8842870612888879 1
0.5489033016455843 0.3537026453079213 0
0.7627571740118538 0.297085694851553 0
0.8569896276491645 0.4306005157056191 0
0.37880611056378755 0.8057745084731566 1
0.8206884238712895 0.0758987399171196 0
0.7895759910453596 0.040045528636834526 0
0.7295066041693758 0.14513546532195432 0
0.5574328176503147 0.2906134932305571 0
0.35171363339475936 0.04166874012377508 0
0.22334854492506317 0.3290181151274719 0
0.364237800735812 0.8873177315265325 1
0.35455412911935613 0.10128906636307933 0
0.6580263269343718 0.21429952142110364 0
0.3501967278643576 0.09105797530031146 0
0.3462304074675584 0.18585946297115863 0
0.08211030988718016 0.0962768785671203 0
0.2499886398354938 0.023455374233323667 0
0.09336491944448155 0.5951948228765054 0
0.8220768136598113 0.4833748648614581 0
0.35252677268681587 0.8268940817505949 1
0.47234092634745817 0.7169263419253098 1
0.0846933948341434 0.5066855057603306 0
0.8739794838066967 0.2812123048094588 0
0.8830123790543541 0.6249409646539567 0
0.12009241810407478 0.5240717012317766 0
0.7449671634946634 0.9977695552683807 1
0.38860177321394895 0.08721969274420704 0
0.3406570328137919 0.12605076354336697 0
0.4518825742137449 0.6735580791726241 1
0.5311039016296472 0.21804930229083253 0
0.5742924322043431 0.04895016989719647 0
0.48774487392425825 0.7233239180376807 1
0.3159628964583564 0.048919653762552806 0
0.9890875501302998 0.1930111780272783 0
0.6248265083097465 0.7899147544037416 1
0.9322876243639391 0.0258388910895615 0
0.4680498322772588 0.2533139564712701 0
0.5321908249654923 0.8111309753392953 1
0.3483381514040257 0.3739886170067991 0
0.1283443406462984 0.16816459890166835 0
0.9607438471422883 0.7469553166466644 0
0.7112352322011253 0.07299413042194347 0
0.7231647507020692 0.3859909938770998 0
0.7542300440598587 0.18318805892551293 0
0.936574474213363 0.5339349128330956 0
0.09406942621541359 0.7017158568916747 0
0.6753380260305428 0.36581432940085423 0
0.35693423603378327 0.05910283294952168 0
0.6615273256955128 0.7357935420970313 1
0.4000363843397785 0.9270923607711934 1
0.6938199584504727 0.9198604206701129 1
0.8927934749185146 0.22951110175075462 0
0.22917826819244724 0.5206972133465277 0
0.12775341618912184 0.3483952605615681 0
0.6836986203611822 0.772768577171955 1
0.06032827824398668 0.05367804360107242 0
0.53108313661716 0.9287236432886017 1
0.636692304357713 0.7918018746527727 1
0.47661729433840194 0.9793729986973507 1
0.15999459777850011 0.35429963666623665 0
0.15216525715007234 0.1258042261228367 0
0.8261131002268379 0.49270741064852785 0
0.891732969953032 0.154434623378373 0
0.27912875604056653 0.35756388987692334 0
0.4396464812834977 0.21617107518396084 0
0.8952759048686558 0.47534456983353546 0
0.19299334160034554 0.02238153388986408 0
0.36251200106729997 0.3252412997414813 0
0.8821692788476875 0.20751740269579533 0
0.5777030327980252 0.3217539904236847 0
0.9280885837960265 0.1297700966800197 0
0.10411556178169012 0.6347123281081389 0
0.0494128285064771 0.5762703948821647 0
0.13518769830915567 0.05881336303504492 0
0.5520823277603114 0.6244361292779751 1
0.8221707292528542 0.4949854099963459 0
0.7972799608697552 0.29937654470293584 0
0.47562519105882195 0.25336404545620594 0
0.5439277907271044 0.23688045304397598 0
0.6808016103989011 0.9426784920314714 1
0.4877648382519819 0.22030929733760318 0
0.736789900310852 0.17941165945865045 0
0.973809686890525 0.6764668470023071 0
0.661200414949203 0.20095593299212988 0
0.5047989566965209 0.32738727558527825 0
0.3682647850042823 0.16453128612989798 0
0.12717927244823035 0.9892440638166419 1
0.3371066958198383 0.34536964893883193 0
0.49091119346513556 0.9054676554971985 1
0.12376574284733244 0.4165263253392929 0
0.8169482804272535 0.3972750084602613 0
0.8735982324176191 0.47610537390073593 0
0.7683063363697471 0.0015350762089217929 0
0.47799025584973864 0.3568776432770987 0
0.46490737691710926 0.3379246879666502 0
0.722606859040717 0.7854142867524219 1
0.8760928812301362 0.03127587685534439 0
0.6642100336568253 0.9908078463952127 1
0.224934576451858 0.14123170582499378 0
0.40057597469573336 0.3427382872063668 0
0.28829242012059997 0.4009732145301379 0
0.12182962190499647 0.07752316438250972 0
0.05688190437158225 0.28444745920465764 0
0.007220136212729877 0.5591673986038842 0
0.5509693552597424 0.23995031863342586 0
0.4173485315420977 0.9926121129052121 1
0.9764670106172363 0.1795377147718703 0
0.312660154253406 0.43258657611047 0
0.2965787098978916 0.2017700403040199 0
0.9278651423375829 0.7450434895728595 0
0.02449420486943321 0.2782995676544162 0
0.856097216756993 0.03393268927533721 0
0.7310049182565689 0.19877894645269134 0
0.2117243852153693 0.7999301992808744 1
0.2507334056745827 0.22445461785162513 0
0.35553637307289077 0.02782629753474053 0
0.6877123315383606 0.30709507431461514 0
0.6623374994696175 0.9016427753353147 1
0.8541074995312986 0.5065749672753559 0
0.5130038026487456 0.2467899792806687 0
0.14140401686128845 0.3389270499647441 0
0.6284318352064595 0.7110727244098337 1
0.8545802514074244 0.11285819921245466 0
0.17889143118028916 0.9906773963115877 1
0.1043283152061778 0.2610419343768836 0
0.4711887332351774 0.6530455553929517 1
0.07812127459525808 0.5291748078713374 0
0.8647555114143239 0.4862405032056719 0
0.36456057294853994 0.13297932603913798 0
0.40539311050114935 0.7223938088406321 1
0.8147506971182112 0.19699936109694538 0
0.9962751383530793 0.8252791245304225 0
0.9209104077090604 0.5585608075633217 0
0.1403863872034694 0.561689612069744 0
0.2665889444694155 0.018467154493090332 0
0.2710961047986472 0.08695296084306858 0
0.02470522750969062 0.11480771867152473 0
0.709990840612244 0.1305736432510135 0
0.8396982946592084 0.23892100314667675 0
0.11695514816698871 0.5280657117688341 0
0.42344059068350404 0.0056615484808465455 0
0.3785695764753849 0.3066668802473994 0
0.07067737667280971 0.5106275961229075 0
0.5310934244644878 0.18365833746604632 0
0.4193403567088637 0.9588111117391642 1
0.04972119815816245 0.30948521737048995 0
0.08166559633975967 0.6595184978128118 0
0.6600474308814287 0.9073983757395949 1
0.9555562686806693 0.3299614665903332 0
0.1241759896518263 0.2004635223551321 0
0.07047735000652644 0.9998412479801748 1
0.9268479734077195 0.23406188823967555 0
0.31735465768650584 0.3812209617127694 0
0.18540090989575264 0.09649907956733905 0
0.4212270663117076 0.7439146474487845 1
0.2520150079159995 0.2339516390112224 0
0.010136846903608054 0.5088971279658706 0
0.08530768068746519 0.6574280084571948 0
0.8391316091164163 0.8753030490632668 1
0.8783852719831802 0.1044997176279101 0
0.2203424840387863 0.034136415060993075 0
0.5963227031740367 0.07972648868624499 0
0.9690274218223663 0.7522300739217295 0
0.1423955363963756 0.11834355006185682 0
0.42677496403716264 0.6594970496732707 1
0.8044404879332331 0.4323880873743192 0
0.2184657934002211 0.9181598552666453 1
0.15088639099237044 0.018808893376815572 0
0.7162734714248556 0.8661533104535474 1
0.8314795479806631 0.5513798470341906 0
0.6805401311044992 0.38667878664429234 0
0.894388228619649 0.18035673657606954 0
0.5178375285921243 0.9539062129670746 1
0.16998356570665807 0.9080752756423945 1
0.7393213543183987 0.8074179754630071 1
0.6669789707775258 0.19035355340691174 0
0.18561304529706923 0.8778191117440052 1
0.036326737784704854 0.20886737369670583 0
0.5309202591766845 0.13585445294278475 0
0.013611748653804767 0.21733669515961784 0
0.4848333855301117 0.8222103656369092 1
0.6939442280858924 0.37464465397042246 0
0.9737789499977005 0.5783496333863797 0
0.8991938401241251 0.20335182140583985 0
0.06939657120664888 0.755966122804318 0
0.6256807351692621 0.7206539103567631 1
0.704456733995168 0.9555460541254112 1
0.7446966759689879 0.86279487704265 1
0.8538351372154233 0.2519446592664836 0
0.5421271668139115 0.1560680069339203 0
0.30859092074397887 0.4453649434760596 0
0.4729663092505627 0.9284988162298708 1
0.7521349778796831 0.9576296047304906 1
0.48610521222274095 0.1071476402035777 0
0.32492836038365414 0.7281398452889175 1
0.3142002278949355 0.014364565230969517 0
0.3327111897737163 0.05123763094486666 0
0.4879011047707579 0.7640997091555238 1
0.45551026033830566 0.2631116021112557 0
0.32648564202082353 0.042394311440020926 0
0.6405764428710138 0.9651000703051802 1
0.9078312951393246 0.3338027992151369 0
0.7128821723137614 0.9168449442987131 1
0.6336063830386497 0.4186111586019392 0
0.5499681395245973 0.07771048554343174 0
0.7116902454032744 0.8745682418572202 1
0.3065662966626095 0.9638002966165117 1
0.020305381266175093 0.6873616604879581 0
0.010319120324954412 0.41575535793313956 0
0.9215440715810156 0.3031422620787665 0
0.8818354628080224 0.6629285162376188 0
0.7208004423715498 0.7446689119122029 1
0.13162186339703275 0.6360343607042805 0
0.400889510623748 0.794321076155 1
0.8167195850053782 0.2140561320832316 0
0.6728737331881636 0.6730670240867022 1
0.5614408894124665 0.9895283268926448 1
0.30006333013949593 0.9011381512678702 1
0.7610579404563692 0.34115998667970326 0
0.1767331061411237 0.5910457856243859 0
0.21553284735480593 0.14506911462848682 0
0.48521377447482494 0.9655755424823377 1
0.7857956441618532 0.7987476567206656 1
0.008334241290149813 0.3826749903784795 0
0.747875686877998 0.8334484625559458 1
0.8756842669757396 0.9720557668068392 1
0.19482501310004208 0.08120315136338496 0
0.8879469575600986 0.3723845161039747 0
0.7978228175435547 0.3221791016122115 0
0.7153718448915964 0.765275750217415 1
0.27594246688463053 0.11072015403805668 0
0.5558202922267897 0.9397384474965967 1
0.12804751046797602 0.23242150894819136 0
0.10918283559303377 0.6769502203092215 0
0.1585198124286964 0.5184615663503302 0
0.9357120160636657 0.7584730468560956 0
0.8437713470957474 0.9402752688055994 1
0.26995393096198717 0.0569139690900099 0
0.4989665031205587 0.8737709157482468 1
0.4857873953406612 0.8372983376589483 1
0.23252094748254393 0.14757238992761146 0
0.39066677464484256 0.8370708057115577 1
0.6925737195620955 0.03752035794904818 0
0.75996876720451 0.8996361592684721 1
0.7948492639309995 0.44785527394449076 0
0.9706094880685007 0.2957922984748974 0
0.24782925384888388 0.8147350409695787 1
0.36666947496043834 0.9273883539010306 1
0.07556328461494555 0.24889711248430635 0
0.08681456704675794 0.1248358759631012 0
0.1823788020653716 0.854745040025597 1
0.06541766731932386 0.36150791187324505 0
0.39753355593080486 0.25025848546604623 0
0.12262068998807851 0.5293352005934464 0
0.5295905162766239 0.6365747277892085 1
0.002185694377699221 0.6837283703579271 0
0.955761697889131 0.06357463859542745 0
0.6313813844272573 0.7693343084312979 1
0.07423448069380978 0.4071628945947152 0
0.549021867176597 0.2266995304788474 0
0.27739654161082405 0.46796473139799855 0
0.07026616263070162 0.6254840966682348 0
0.6645791268226644 0.2604000917213447 0
0.45704425475808563 0.9737670313147847 1
0.04421901854916699 0.4116757808120661 0
0.4346015280390131 0.15448773325908205 0
0.7101202023912053 0.4277836865735499 0
0.7849355141599486 0.08819472521497418 0
0.29349564345074963 0.3518796793831003 0
0.8759573535926648 0.2008176244914046 0
0.043758847479004714 0.6119437863473393 0
0.09174925908099596 0.9910800760205172 1
0.8107669818419123 0.5811755429826739 0
0.632641078752024 0.10707760251572551 0
0.8694138914156356 0.06004809894370411 0
0.006235044893548203 0.38465960732358984 0
0.9790491206937771 0.46757078435487076 0
0.15044225412882228 0.1822136372904023 0
0.5718645999510659 0.8616767129210416 1
0.9372313171211998 0.9951089751775182 1
0.25049517541928557 0.3155762358948818 0
0.11245966112381844 0.9334336489102171 1
0.11116889962077703 0.9572836650872709 1
0.4063408337480279 0.9741669787965497 1
0.7177137556812065 0.9015229635974584 1
0.27575959422976315 0.22662667226278088 0
0.12388192031715228 0.3547626405491826 0
0.2952003306182319 0.020861581536646412 0
0.46720217183708523 0.25781605389148055 0
0.12576304819857564 0.4348391756754847 0
0.9478114772216513 0.5646398257686293 0
0.32460041997952427 0.02907923703690074 0
0.860941438519004 0.3870486929146808 0
0.017836374717311254 0.5243627893240187 0
0.4583805106352121 0.9109826561350969 1
0.8600663325436408 0.32842488782784085 0
0.4933305538554782 0.6607250141883512 1
0.3580114985075604 0.6869523006477217 1
0.4491143006270396 0.03433451242329166 0
0.3240623675015115 0.09891896785276211 0
0.8923815930081695 0.5299911461024164 0
0.7103768931431907 0.8176811182598936 1
0.8561022414252641 0.5827261285158605 0
0.05149314550581541 0.29181004193938265 0
0.30427166896925417 0.8602560268121655 1
0.5512347862203859 0.8730630998935628 1
0.30109114839108775 0.12385193336991296 0
0.6776389015610544 0.9940450003589806 1
0.462825145790543 0.11827883918189863 0
0.2666522156478366 0.9649596383923017 1
0.18379272767258625 0.2572399704636039 0
0.31895679159179235 0.9025974764203044 1
0.5646038524849473 0.9255782705694354 1
0.7290541179397683 0.2144730998598996 0
0.2454193760069524 0.1093526607192774 0
0.9162814519771214 0.6472573098988509 0
0.246641640955498 0.4554769797329775 0
0.37635583788893545 0.9781727756447872 1
0.9556658258514389 0.3619931334758072 0
0.46172064026877413 0.9286993922705609 1
0.8206356611761236 0.5239006286975056 0
0.558908274891454 0.19359825032411437 0
0.36531127492527316 0.3691387998125081 0
0.0944351116458475 0.6026216374892137 0
0.6864040263501812 0.2578181163727853 0
0.23876459697187546 0.8985485990693016 1
0.9290281443800921 0.5986689220724942 0
0.33074353992820593 0.4165804198391321 0
0.14218667825414877 0.5477601034870827 0
0.9790595204036883 0.15948460306652956 0
0.1531683417005396 0.34126491685425697 0
0.012740240162203653 0.23788909876655584 0
0.7105910180730292 0.027751371914076395 0
0.45194510021967094 0.6467939097656119 1
0.3818162519980335 0.22305042378797302 0
0.8137405422942193 0.5729296504575472 0
0.20411793501615827 0.2469310866240142 0
0.9762010004683751 0.10611119618171483 0
0.5922069872323614 0.9612967384262844 1
0.5215788938875442 0.7099069878149482 1
0.35703057558141793 0.8524733299347934 1
0.1859925239741248 0.5024271244147225 0
0.41057874902248703 0.16453565461345987 0
0.4746741543818762 0.7058987374030476 1
0.7198877620258722 0.14784978104020985 0
0.6568038927974824 0.3124514185788303 0
0.48901723128305286 0.957134656839423 1
0.2824009208245467 0.20378049466179393 0
0.6025282223745179 0.7456157142645358 1
0.6575332001461501 0.8314320088608064 1
0.05386007339308452 0.31304956060955946 0
0.7843310036348718 0.36328649993355144 0
0.10066148128299335 0.505498251845721 0
0.68622733142348 0.833792845081672 1
0.176971937836914 0.5047131166724452 0
0.012908542227973774 0.04698200429394739 0
0.4967456110280999 0.2796849295957312 0
0.11782080948717022 0.6540911694402073 0
0.3417750474835769 0.17529731472818655 0
0.16098629912566165 0.4224212548946824 0
0.7169316145524292 0.9223434096839942 1
0.36611607344993624 0.03189514214743916 0
0.09424335285224694 0.5493405877659502 0
0.28733782707324895 0.22256186721914162 0
0.6186267685976118 0.3958327601989784 0
0.4949196129190352 0.6254602233937038 1
0.4401285096244334 0.04726395598105726 0
0.3305940474784167 0.6834118536263125 1
0.13456745239555068 0.6092930878902327 0
0.6618852231489802 0.11385702247203111 0
0.264898046618282 0.18856995586858072 0
0.5800836301188591 0.2923645461094281 0
0.24845280257438263 0.3011116848039377 0
0.7493804687814746 0.7707498445324269 1
0.030534694417300057 0.4132988774388944 0
0.989996983684278 0.5430366442137968 0
0.23250365598522038 0.1749485862861977 0
0.7439276937516905 0.21019515418408474 0
0.16328134480440348 0.35735096614604345 0
0.848260043051524 0.4275393403470449 0
0.953813100623209 0.6044456894812309 0
0.35382474903300376 0.1605789308739789 0
0.6720161443562408 0.33747762619150456 0
0.6952420467648314 0.29995627911073564 0
0.5690499861727283 0.7427491152043965 1
0.2564363426918579 0.48463487013846307 0
0.7951672675172037 0.41509518717979543 0
0.9998798376540036 0.5161534024481773 0
0.892616145078013 0.17122529976746714 0
0.5671432704733169 0.7977494191858384 1
0.17285407634613548 0.5102398878548523 0
0.9543633481193513 0.1693770283133743 0
0.040616570957108244 0.42460265200372593 0
0.7558778853568393 0.7644047340716409 1
0.7060136674506363 0.8864229738181536 1
0.8755108767804044 0.21079810236632346 0
0.0348657002589402 0.5321966200766401 0
0.12962226865446813 0.026765551822209077 0
0.8233022798445262 0.12701036656190223 0
0.3357396413984026 0.4188771802890001 0
0.1826900567526002 0.20630675375232832 0
0.80907107126389 0.9035380488188628 1
0.5111385179526315 0.6510936862171529 1
0.07067434240579595 0.2332223073837274 0
0.3974274110430027 0.15064833191775662 0
0.9476542976561884 0.5087097440510367 0
0.2851516387916866 0.4533322126001037 0
0.1410550338626032 0.4233010257178965 0
0.20745133752685607 0.43415280417465785 0
0.2750891312634428 0.7989499621821494 1
0.9866988917451271 0.058409807597980534 0
0.5135420516667324 0.903027448535741 1
0.6827961955649563 0.424453396743122 0
0.9958956642736992 0.3102410994280972 0
0.4651867746656396 0.8826959640398023 1
0.6854183032307118 0.1530574236407164 0
0.9554953815347084 0.5182082807339886 0
0.6731861576154502 0.6612261345310898 1
0.37944396041449036 0.7252832294681432 1
0.13204100918811845 0.3901283024470683 0
0.25960590603454414 0.8802785517554196 1
0.7791839759786631 0.008800756851485292 0
0.42188995292540565 0.6380646117065865 1
0.08396777034495484 0.6134003216095574 0
0.5047303930762828 0.9552751746206736 1
0.9549709058471503 0.13170230508143288 0
0.2373497433623819 0.39997404808897974 0
0.9008722811669945 0.3237623399004499 0
0.5232599598321755 0.778106020364212 1
0.17982138737668385 0.12041254314209282 0
0.7653977355053906 0.28885593308278523 0
0.8536034543493961 0.9061795001918481 1
0.17374917745529517 0.9033108789137967 1
0.14281794616910448 0.6266611427960408 0
0.6462006301858902 0.003836837883184341 0
0.17902485192816853 0.3254008045833957 0
0.6347403501206853 0.8883190625869486 1
0.9042542549494734 0.29656455637416945 0
0.08246658431201859 0.6258004932288558 0
0.1351548308642717 0.3074973204826006 0
0.46600332261800803 0.8474088171684215 1
0.4626811169027639 0.9590839517222444 1
0.9885213345304853 0.5371330831857996 0
0.9031393474121516 0.2866064509522954 0
0.08426138408458683 0.5172688934314225 0
0.9439199406246894 0.44753757529328886 0
0.2889110884246012 0.1417886438076631 0
0.9939046680175904 0.14808078600630203 0
0.21210150275903517 0.4659361016353851 0
0.9577042155984931 0.041152743486828514 0
0.5749546371584242 0.0984324486885838 0
0.7074880253466446 0.8546069668198495 1
0.4062031685293145 0.8719464305950545 1
0.45085384374495086 0.6199831758671039 1
0.8235765212098887 0.43996728447086597 0
0.0023235312020437604 0.04012589159913682 0
0.4160326426693569 0.8282459420025718 1
0.5276620899699669 0.22044380742926195 0
0.10740862940746854 0.5293929680493602 0
0.3063144585072891 0.2572445948093517 0
0.21320935908883631 0.28744261705366037 0
0.5967184517267827 0.9479406771389581 1
0.01875278886731191 0.5902315299512528 0
0.24651796642935775 0.945564394824569 1
0.4487559548141957 0.9767969521875172 1
0.4570493786245271 0.1783097402380983 0
0.9672001713986246 0.3883612574399695 0
0.5423382554156737 0.2949269538373438 0
0.11076606022447577 0.69833036380059 0
0.7432390650686153 0.32903957855997523 0
0.6868143929910324 0.860680752205678 1
0.3052054342009306 0.875680252620158 1
0.5048312734504812 0.7010002243365719 1
0.681279605532801 0.8407756769234661 1
0.383715693321526 0.7493030158720587 1
0.9241597101998887 0.42281648825688156 0
0.651200656468441 0.8077713649143995 1
0.5289601321626738 0.9090727925085479 1
0.46405158964461624 0.275467306368018 0
0.6766092291337353 0.9955103717387721 1
0.8722719528587145 0.4320027942565239 0
0.2697049752332771 0.26823270937462995 0
0.9807720809469573 0.3235638473232968 0
0.5166708828141775 0.37395583195567994 0
0.4928715231369468 0.34057388409189315 0
0.4518537371305885 0.3510141718546883 0
0.0807181079781214 0.10316632520692626 0
0.6365955193343676 0.2357612921915726 0
0.5857578978204214 0.16511272621249828 0
0.42438753618510894 0.9011634579140423 1
0.23130508562759988 0.059274168477527533 0
0.5036603670905851 0.6413008080334374 1
0.30093016842106723 0.3608444343506375 0
0.8215586755985306 0.47696479614429754 0
0.021096081292881208 0.028049033146349434 0
0.3261480242592022 0.3770198817021885 0
0.04844068918020439 0.6253974165572798 0
0.12529759808254892 0.9482879925846475 1
0.046264360213134736 0.5660360146121038 0
0.051235584241834164 0.19256104968691623 0
0.603563792231294 0.05785235139070943 0
0.6765895751904611 0.34643430518082086 0
0.825466178260773 0.056606236568328305 0
0.9167116798333971 0.975483697785727 1
0.4165581884217503 0.04828763721465845 0
0.327419681259451 0.43039512069887653 0
0.07293466861086073 0.02438326188374329 0
0.9865212057665173 0.15547283978151494 0
0.3007058564375774 0.0973996355252621 0
0.7462514335667672 0.3996790182547051 0
0.6848956763088128 0.4666598062709515 0
0.2189150235961539 0.8567082740277151 1
0.7177180665600873 0.8538968351171056 1
0.2668288692754406 0.04001752530660607 0
0.18707242203215002 0.17341850300258743 0
0.646376464250367 0.6622494983252566 1
0.9733320598345538 0.32313305719305074 0
0.5622884326965454 0.043317562736116866 0
0.7482099514456447 0.06890502544831523 0
0.948158034016593 0.7093696582380637 0
0.5196202321450214 0.08402022252718944 0
0.15521317653123934 0.45995139534379603 0
0.0849663202551777 0.5789988888582834 0
0.8912333886776327 0.03438358082336079 0
0.9727215943026329 0.37554330826082305 0
0.7487752371042631 0.06468040514262907 0
0.6557734838027773 0.6882627316321078 1
0.37076452899228685 0.33024806236818816 0
0.5159386230568025 0.31223392965042307 0
0.5918080290161783 0.9804131037613248 1
0.7774815818813465 0.2189822891984493 0
0.6527321415111067 0.05500478338189285 0
0.28655130910476345 0.3719870694828965 0
0.08966372663423106 0.08582347107362831 0
0.9391468762864429 0.7809172402647351 0
0.4305874831694001 0.009120704188867124 0
0.16677242974653317 0.5023055769944121 0
0.4751431294876699 0.9056029530552834 1
0.3099463521788798 0.3979262503858092 0
0.8271683428618084 0.5414143846855518 0
0.3601486089165086 0.6733281585438673 1
0.28657123989385913 0.8545717629139072 1
0.6660780281661335 0.7661790496729746 1
0.3158273539471693 0.979098020476687 1
0.9823983483381776 0.21150648434542796 0
0.8422980324665191 0.8689720589439373 1
0.4029554590467386 0.05568727721642386 0
0.12148075295144722 0.892301081417446 1
0.6271204011358738 0.8499209284809495 1
0.2483880714154324 0.9931484963801283 1
0.2253347858051412 0.5145216238286154 0
0.6989688169852476 0.7639384931421389 1
0.512774165977097 0.8859507332139017 1
0.4661199966842544 0.7619529730962435 1
0.8213517761465076 0.291285713610818 0
0.35609627208257744 0.8865812833545241 1
0.06537530525886959 0.31811644447603116 0
0.8760960839001025 0.6416617650695497 0
0.3194244666345155 0.981485014875072 1
0.4629808467657668 0.1491707616548592 0
0.9665888427826096 0.027490446956930925 0
0.27322380785761147 0.9540348592903175 1
0.6486458487268683 0.7931409117443449 1
0.5191491032135715 0.6479930168754316 1
0.37703221928759156 0.06264054725605728 0
0.04747320329266569 0.6307620652126146 0
0.8601177930132509 0.3736571176294198 0
0.10448104190729313 0.6346974467137416 0
0.5909412403313467 0.9331267894280811 1
0.4208276499300806 0.6936334744291673 1
0.6149019791199535 0.9246250859480075 1
0.11162136838459724 0.5236270593782787 0
0.6161605879538978 0.6728000637946027 1
0.34456801678056836 0.9627471056757022 1
0.6111424658780908 0.37969718341012904 0
0.5347142058371666 0.7950418107820062 1
0.9267697851242808 0.525855395969 0
0.304412729274146 0.28811395153592145 0
0.9620752105668948 0.042210385356072244 0
0.3180496407461958 0.2874079821894451 0
0.16494627188695477 0.01565381909353125 0
0.4501544528937438 0.8709873123855653 1
0.6635493078880925 0.8664916481402223 1
0.7148838604747257 0.46901487876571846 0
0.3753331475636654 0.8439922835489049 1
0.39347885140654315 0.1378483775961925 0
0.6493544585155583 0.4400785995834645 0
0.5509077838694509 0.053320819576300194 0
0.21119547119995385 0.8805520476041756 1
0.6911466833011605 0.026245570001658725 0
0.29311005282212865 0.7188346500055842 1
0.6245015055458583 0.2154099487149116 0
0.06920819274487566 0.18557690312108044 0
0.0008817011437693978 0.7901535596911449 0
0.4206011632610168 0.8554517857077589 1
0.0709724251384769 0.012327900845768291 0
0.6392008185040264 0.9366233018224334 1
0.7041505301739484 0.9095295977910539 1
0.964759313271063 0.7399200077661412 0
0.9976268318107974 0.5013358719274422 0
0.054725811366321264 0.5499469518105107 0
0.40260589499171207 0.9706192740237738 1
0.34348550751673934 0.40801385305498583 0
0.6828548091628486 0.33288902579174273 0
0.2194515466817446 0.23732612959481725 0
0.5488747894571826 0.07894367694959259 0
0.35654091279745803 0.3820901166442342 0
0.7959128487205708 0.9460197647785678 1
0.9772378249420591 0.668550037664238 0
0.026340929369238486 0.27172908041882937 0
0.5680937607672915 0.9421316446112972 1
0.21077220032951927 0.8078678208118376 1
0.4199369007433671 0.6886970215664688 1
0.6985871947997179 0.9761414938890063 1
0.5294329102186829 0.9359348362778694 1
0.37828026443502905 0.6662570032349088 1
0.8457842768248786 0.4573743072615316 0
0.07485501763281821 0.6413277000712737 0
0.446562340242157 0.3864519715496535 0
0.8958700854131437 0.9247031202986083 1
0.010184134107401044 0.5652202713373248 0
0.5226386391589568 0.8095290214770218 1
0.7947149299558282 0.26201075957009434 0
0.20607911307930538 0.31997256083804115 0
0.3065166679910475 0.889272619180323 1
0.06583756812435415 0.745650402179607 0
0.5747005868997109 0.6392136895221223 1
0.7897042648180205 0.3389807368257418 0
0.5876805618638616 0.9242992283851735 1
0.15941046281923543 0.3204580382680472 0
0.05823293272377572 0.43348676688759635 0
0.7022966234730944 0.9790552927438634 1
0.3431977076696733 0.2892564174785903 0
0.9558197115313862 0.2840578142553959 0
0.12562704961367088 0.24927751439163248 0
0.7443432438697938 0.018294995231606714 0
0.7690501566799887 0.509770332933061 0
0.29399798204830085 0.8879618658326343 1
0.40620588615872155 0.7826139429180544 1
0.8631241368276444 0.19727695104758824 0
0.9555002595086571 0.524596876491152 0
0.20567283001778736 0.9863120573589891 1
0.6857380749342755 0.8936417383651704 1
0.9909238041320285 0.6270222788810667 0
0.0550815993007332 0.157728058849826 0
0.17991930146901236 0.9792201702328238 1
0.789748813783491 0.47488522802896505 0
0.5190632104974083 0.1456777228686782 0
0.4341396822392196 0.17215684300698497 0
0.9937964902152677 0.5658503921266818 0
0.5713294364961491 0.11416003888964521 0
0.30190716568057785 0.8923252787740992 1
0.24645731761954004 0.4844390876303628 0
0.9415234439649421 0.11850565897446341 0
0.481479184910654 0.01870789960174768 0
0.1009845402613111 0.17296311665211905 0
0.33400252275898445 0.6983500963041178 1
0.7900867387821413 0.3311242978299377 0
0.6343481587138095 0.10488397028490526 0
0.9847325119024516 0.03720603989186033 0
0.3641237068483124 0.7549125560657949 1
0.3848951756463489 0.4056218424781035 0
0.2886410024190056 0.33788251691791005 0
0.28900696502176204 0.9037314923744706 1
0.9321692290769509 0.06918422320600481 0
0.34582323295630835 0.22229367512665876 0
0.6056060605813606 0.7568201693473507 1
0.5837410847367898 0.09861220251127845 0
0.3035475712231174 0.27031693703824367 0
0.8571370484818001 0.8796757960208974 1
0.38223859244008895 0.6535758196660804 1
0.23583033440943457 0.32578070948532767 0
0.67950262390995 0.12056990917826482 0
0.0802410329565062 0.17287293132272352 0
0.6666100879953359 0.956839144806227 1
0.927682677906097 0.35170105234821636 0
0.11264352038691439 0.5992181610871521 0
0.10042980716751804 0.647536795767734 0
0.3481954984833767 0.4181178563255664 0
0.8879568241829229 0.5579933690702331 0
0.4044769003730936 0.9037238451253636 1
0.7862210426655005 0.5114280954396676 0
0.6005451881323625 0.36311629329458683 0
0.6401936426453023 0.13126933759948922 0
0.8113863785892549 0.5560718117693922 0
0.38957684618594157 0.9430225371408167 1
0.31168268546827893 0.3770140860912248 0
0.9822641086854785 0.7331082585069904 0
0.7940039334515981 0.9495117839963563 1
0.1581508870787608 0.27746709339577547 0
0.09106984676885133 0.3479358053137611 0
0.7124323021589426 0.4584928174500432 0
0.6050539638709327 0.8967701666046689 1
0.6595865949355176 0.05267669294819188 0
0.9058686798953585 0.27814108506195034 0
0.794395550588116 0.04778058932215701 0
0.9231956196847076 0.08243451063661045 0
0.7183732627446539 0.9620182306830353 1
0.9771148037144489 0.13219904269274352 0
0.21162361991937106 0.9425995691505542 1
0.5470973173171625 0.6239190947199763 1
0.37916285704925323 0.36054273047435315 0
0.8925781957298673 0.3327736729595433 0
0.22669081804559532 0.19147908405549174 0
0.8884893645969238 0.9291381240465235 1
0.6555316370623447 0.7358472593963495 1
0.10238787197099053 0.6863199973870406 0
0.3899505233757702 0.7462325537414669 1
0.14731123597233653 0.588013749386156 0
0.7299832866747444 0.03625978203701241 0
0.32558233448961094 0.31103559528760083 0
0.8396301613553366 0.2843418904693792 0
0.7474306851702315 0.4000832329779026 0
0.21551272838692948 0.7998255398888969 1
0.2633106119471528 0.056570685884956284 0
0.2625148550989672 0.9827841013352143 1
0.20912323921920117 0.9815294473029677 1
0.963143489552593 0.1565225820850621 0
0.02213826350370185 0.05497531070138473 0
0.32884951174966426 0.13743965158805482 0
0.3218117097293822 0.27407089315074173 0
0.5088523168467696 0.7044682970618716 1
0.6596912489530863 0.6650127352765061 1
0.09088676291544495 0.39074768493948486 0
0.7643913187986359 0.8646327085303253 1
0.28785308402598786 0.28503373534974286 0
0.997723920421415 0.6653596231386639 0
0.7911257109874358 0.8228509330913918 1
0.5420988129635794 0.047430972548348715 0
0.6821941165029403 0.8293229074854436 1
0.9324490034136705 0.012136199216674748 0
0.1227163666366623 0.2757179206298034 0
0.2398503995999538 0.3355007466108656 0
0.9414900781204759 0.269705636287241 0
0.2812633473146884 0.4559462439163984 0
0.24287615883749203 0.4866768064431075 0
0.9462306476326724 0.075829568154544 0
0.5032277819054026 0.7438654300671543 1
0.7469494890870519 0.476575921105051 0
0.46152232961326567 0.7442065642901539 1
0.6755215859764722 0.08682522735685205 0
0.18623553686817407 0.9571550136502813 1
0.8338651188146976 0.5301191296418767 0
0.1273402035242781 0.07277310216301536 0
0.4137224615482372 0.7552485666619471 1
0.7266358487710973 0.4257595714422333 0
0.7632351581572197 0.12387210158654804 0
0.933615385313262 0.6094831407633835 0
0.30465754223530395 0.390598451059334 0
0.9399779675529025 0.531806680397512 0
0.9396729533631456 0.02899296199066481 0
0.7827789817031343 0.5488948472495525 0
0.8591328038811177 0.5997803102816707 0
0.9697485187703675 0.7499638040223299 0
0.9018708119675224 0.4726323095439493 0
0.015176870880217352 0.10743976411307055 0
0.8945969194986899 0.03841950734954036 0
0.25133512632670285 0.7931086693023243 1
0.28495915468414157 0.0872098004175399 0
0.5640152969254355 0.14666755402624332 0
0.4260598029484588 0.750684291813493 1
0.4909889526267093 0.9252039604838707 1
0.7951923645141581 0.019163382880766244 0
0.4543857847617121 0.6847513427203615 1
0.8205130276011167 0.19147131073082502 0
0.287817320880438 0.0742152997374177 0
0.026722008716294154 0.4165817159590841 0
0.303925447789792 0.07801727222076338 0
0.1316469465515473 0.9025630581075776 1
0.41886119942870437 0.8830361924301313 1
0.8014465548083671 0.9580340763896666 1
0.8093239265098247 0.5289391951798578 0
0.7351764949969201 0.3450792291514425 0
0.8932740436051325 0.9414080604711437 1
0.3245125495319672 0.45487696686993606 0
0.33050197266345227 0.9289038369441726 1
0.26701458651592813 0.8435499101905996 1
0.7567758755341093 0.8555487681237391 1
0.3155006563568985 0.9279433919430974 1
0.41831947885253185 0.9211726472511056 1
0.036843429377893755 0.593325317966105 0
0.5376423072907291 0.7179673333904774 1
0.4571185766267757 0.20639599258492647 0
0.40928621554500344 0.8340254455722736 1
0.82836229084828 0.3886996062462672 0
0.064522123140068 0.37742795371056215 0
0.3032226947030138 0.1926713454971637 0
0.9758703273006515 0.6190767160612157 0
0.7436309204517094 0.24522000094038354 0
0.9259345521865926 0.5578182962566041 0
0.5310275168877607 0.13268847351643687 0
0.4220983879357707 0.8874635957541955 1
0.16029215228053473 0.8544284552364715 1
0.9224627024343495 0.4960221995220011 0
0.10584517421095352 0.16659901452888892 0
0.600858115880189 0.3929794206058217 0
0.5843783490709887 0.04895272118755456 0
0.48022056852356454 0.3524287156719518 0
0.6893205596648933 0.9935602324523666 1
0.6457762629605853 0.6705861379282197 1
0.2543370911949634 0.4260880543330996 0
0.6918374152515283 0.8303699380935942 1
0.3626058811479296 0.8782521055823295 1
0.18599331618606463 0.28065540646078235 0
0.5457173575401992 0.28256597999632393 0
0.08068685043585999 0.2135275123034116 0
0.6410769517289348 0.7511101616695005 1
0.3121317215096632 0.26974620178521325 0
0.7923308873427127 0.09791802953101725 0
0.5453699170932379 0.7941484551620075 1
0.05982274358637696 0.2504953629093104 0
0.12402658439874215 0.4400334388377708 0
0.23549753546338392 0.0454089225049259 0
0.8102153533292752 0.13097563042653104 0
0.6882933960716104 0.07141255012739489 0
0.884343137169521 0.22312079463399237 0
0.639760053199663 0.7805201393374804 1
0.030650181569680024 0.17839884478121315 0
0.20166677547017198 0.3422324152298678 0
0.23092440295961847 0.5041001730282023 0
0.4086284661746763 0.20610621387066896 0
0.1908400196778136 0.3869514855471756 0
0.5866709958680951 0.9697188929304582 1
0.039652511763144216 0.48242444225921155 0
0.45151196717807307 0.9847846843425404 1
0.1291063739465621 0.07215266413311394 0
0.27815829337538245 0.07486160684404941 0
0.01820259029720095 0.5017626374785067 0
0.3067035190334626 0.7350076242167747 1
0.7804521159719439 0.5097023669561712 0
0.786818433041587 0.5298856367755472 0
0.2900844719165677 0.7165192215670659 1
0.22082768809670905 0.9011832857045359 1
0.6339254247894434 0.026852236693452824 0
0.2352216091030498 0.2290388479735771 0
0.1676127924033377 0.27053524009757446 0
0.7864620437906288 0.9079886959495655 1
