0;-500.0;-500.0;499;0.995;-1.0
1;-500.0;-500.0;499;0.990025;-1.0
2;-500.0;-500.0;499;0.985074875;-1.0
3;-500.0;-500.0;499;0.9801495006250001;-1.0
4;-500.0;-500.0;499;0.9752487531218751;-1.0
5;-500.0;-500.0;499;0.9703725093562657;-1.0
0;-500.0;-500.0;499;0.995;-1.0
1;-500.0;-500.0;499;0.990025;-1.0
2;-500.0;-500.0;499;0.985074875;-1.0
3;-500.0;-500.0;499;0.9801495006250001;-1.0
4;-500.0;-500.0;499;0.9752487531218751;-1.0
5;-500.0;-500.0;499;0.9703725093562657;-1.0
6;-500.0;-500.0;499;0.9655206468094844;-1.0
7;-500.0;-500.0;499;0.960693043575437;-1.0
8;-500.0;-500.0;499;0.9558895783575597;-1.0
9;-500.0;-500.0;499;0.9511101304657719;-1.0
0;-500.0;-500.0;499;0.995;-1.0
1;-500.0;-500.0;499;0.990025;-1.0
2;-500.0;-500.0;499;0.985074875;-1.0
3;-500.0;-500.0;499;0.9801495006250001;-1.0
4;-500.0;-500.0;499;0.9752487531218751;-1.0
5;-500.0;-500.0;499;0.9703725093562657;-1.0
6;-500.0;-500.0;499;0.9655206468094844;-1.0
7;-500.0;-500.0;499;0.960693043575437;-1.0
8;-500.0;-500.0;499;0.9558895783575597;-1.0
9;-500.0;-500.0;499;0.9511101304657719;-1.0
10;-500.0;-500.0;499;0.946354579813443;-1.0
11;-500.0;-500.0;499;0.9416228069143757;-1.0
12;-500.0;-500.0;499;0.9369146928798039;-1.0
13;-500.0;-500.0;499;0.9322301194154049;-1.0
14;-500.0;-500.0;499;0.9275689688183278;-1.0
15;-500.0;-500.0;499;0.9229311239742362;-1.0
16;-500.0;-500.0;499;0.918316468354365;-1.0
17;-500.0;-500.0;499;0.9137248860125932;-1.0
18;-500.0;-500.0;499;0.9091562615825302;-1.0
19;-500.0;-500.0;499;0.9046104802746175;-1.0
20;-500.0;-500.0;499;0.9000874278732445;-1.0
21;-500.0;-500.0;499;0.8955869907338783;-1.0
22;-500.0;-500.0;499;0.8911090557802088;-1.0
23;-500.0;-500.0;499;0.8866535105013078;-1.0
24;-491.0;-499.64;491;0.8822202429488013;0.0
25;-500.0;-499.65384615384613;499;0.8778091417340573;-1.0
26;-352.0;-494.18518518518516;352;0.8734200960253871;0.0
27;-500.0;-494.39285714285717;499;0.8690529955452602;-1.0
28;-500.0;-494.58620689655174;499;0.8647077305675338;-1.0
29;-500.0;-494.76666666666665;499;0.8603841919146962;-1.0
30;-500.0;-494.93548387096774;499;0.8560822709551227;-1.0
31;-411.0;-492.3125;411;0.851801859600347;0.0
32;-500.0;-492.54545454545456;499;0.8475428503023453;-1.0
33;-500.0;-492.7647058823529;499;0.8433051360508336;-1.0
34;-500.0;-492.9714285714286;499;0.8390886103705794;-1.0
35;-455.0;-491.9166666666667;455;0.8348931673187264;0.0
36;-353.0;-488.1621621621622;353;0.8307187014821328;0.0
37;-500.0;-488.4736842105263;499;0.8265651079747222;-1.0
38;-500.0;-488.7692307692308;499;0.8224322824348486;-1.0
39;-500.0;-489.05;499;0.8183201210226743;-1.0
40;-341.0;-485.4390243902439;341;0.8142285204175609;0.0
41;-500.0;-485.7857142857143;499;0.810157377815473;-1.0
42;-500.0;-486.1162790697674;499;0.8061065909263957;-1.0
43;-454.0;-485.3863636363636;454;0.8020760579717637;0.0
44;-500.0;-485.7111111111111;499;0.798065677681905;-1.0
45;-381.0;-483.4347826086956;381;0.7940753492934954;0.0
46;-381.0;-481.25531914893617;381;0.7901049725470279;0.0
47;-500.0;-481.6458333333333;499;0.7861544476842928;-1.0
48;-491.0;-481.83673469387753;491;0.7822236754458713;0.0
49;-380.0;-479.8;380;0.778312557068642;0.0
50;-500.0;-480.19607843137254;499;0.7744209942832988;-1.0
51;-334.0;-477.38461538461536;334;0.7705488893118823;0.0
52;-350.0;-474.9811320754717;350;0.7666961448653229;0.0
53;-500.0;-475.44444444444446;499;0.7628626641409962;-1.0
54;-351.0;-473.1818181818182;351;0.7590483508202912;0.0
55;-220.0;-468.6607142857143;220;0.7552531090661897;0.0
56;-333.0;-466.280701754386;333;0.7514768435208588;0.0
57;-367.0;-464.5689655172414;367;0.7477194593032545;0.0
58;-500.0;-465.1694915254237;499;0.7439808620067382;-1.0
59;-473.0;-465.3;473;0.7402609576967045;0.0
60;-267.0;-462.04918032786884;267;0.736559652908221;0.0
61;-208.0;-457.9516129032258;208;0.7328768546436799;0.0
62;-398.0;-457.0;398;0.7292124703704616;0.0
63;-479.0;-457.34375;479;0.7255664080186093;0.0
64;-335.0;-455.46153846153845;335;0.7219385759785162;0.0
65;-500.0;-456.1363636363636;499;0.7183288830986236;-1.0
66;-257.0;-453.1641791044776;257;0.7147372386831305;0.0
67;-275.0;-450.54411764705884;275;0.7111635524897149;0.0
68;-380.0;-449.5217391304348;380;0.7076077347272662;0.0
69;-265.0;-446.8857142857143;265;0.7040696960536299;0.0
70;-230.0;-443.83098591549293;230;0.7005493475733617;0.0
71;-316.0;-442.05555555555554;316;0.697046600835495;0.0
72;-330.0;-440.52054794520546;330;0.6935613678313175;0.0
73;-244.0;-437.86486486486484;244;0.6900935609921609;0.0
74;-227.0;-435.05333333333334;227;0.6866430931872001;0.0
75;-261.0;-432.7631578947368;261;0.6832098777212641;0.0
76;-317.0;-431.2597402597403;317;0.6797938283326578;0.0
77;-273.0;-429.2307692307692;273;0.6763948591909945;0.0
78;-262.0;-427.11392405063293;262;0.6730128848950395;0.0
79;-198.0;-424.25;198;0.6696478204705644;0.0
80;-164.0;-421.037037037037;164;0.6662995813682115;0.0
81;-257.0;-419.0365853658537;257;0.6629680834613705;0.0
82;-188.0;-416.2530120481928;188;0.6596532430440636;0.0
83;-176.0;-413.39285714285717;176;0.6563549768288433;0.0
84;-258.0;-411.56470588235294;258;0.653073201944699;0.0
85;-236.0;-409.5232558139535;236;0.6498078359349755;0.0
86;-240.0;-407.57471264367814;240;0.6465587967553006;0.0
87;-300.0;-406.35227272727275;300;0.6433260027715241;0.0
88;-190.0;-403.92134831460675;190;0.6401093727576664;0.0
89;-225.0;-401.93333333333334;225;0.6369088258938781;0.0
90;-200.0;-399.7142857142857;200;0.6337242817644086;0.0
91;-236.0;-397.9347826086956;236;0.6305556603555866;0.0
92;-217.0;-395.98924731182797;217;0.6274028820538087;0.0
93;-235.0;-394.27659574468083;235;0.6242658676435396;0.0
94;-301.0;-393.29473684210524;301;0.6211445383053219;0.0
95;-242.0;-391.71875;242;0.6180388156137953;0.0
96;-149.0;-389.21649484536084;149;0.6149486215357263;0.0
97;-217.0;-387.4591836734694;217;0.6118738784280476;0.0
98;-204.0;-385.6060606060606;204;0.6088145090359074;0.0
99;-180.0;-383.55;180;0.6057704364907278;0.0
100;-181.0;-380.36;181;0.6027415843082742;0.0
101;-211.0;-377.47;211;0.5997278763867329;0.0
102;-154.0;-374.01;154;0.5967292370047992;0.0
103;-157.0;-370.58;157;0.5937455908197752;0.0
104;-122.0;-366.8;122;0.5907768628656763;0.0
105;-235.0;-364.15;235;0.5878229785513479;0.0
106;-176.0;-360.91;176;0.5848838636585911;0.0
107;-262.0;-358.53;262;0.5819594443402982;0.0
108;-205.0;-355.58;205;0.5790496471185967;0.0
109;-500.0;-355.58;499;0.5761543988830038;-1.0
110;-175.0;-352.33;175;0.5732736268885887;0.0
111;-500.0;-352.33;499;0.5704072587541458;-1.0
112;-172.0;-349.05;172;0.567555222460375;0.0
113;-213.0;-346.18;213;0.5647174463480732;0.0
114;-192.0;-343.1;192;0.5618938591163328;0.0
115;-157.0;-339.67;157;0.5590843898207511;0.0
116;-188.0;-336.55;188;0.5562889678716474;0.0
117;-294.0;-334.49;294;0.5535075230322891;0.0
118;-178.0;-331.27;178;0.5507399854171277;0.0
119;-210.0;-328.37;210;0.547986285490042;0.0
120;-162.0;-324.99;162;0.5452463540625918;0.0
121;-161.0;-321.6;161;0.5425201222922789;0.0
122;-150.0;-318.1;150;0.5398075216808175;0.0
123;-168.0;-314.78;168;0.5371084840724134;0.0
124;-119.0;-311.06;119;0.5344229416520513;0.0
125;-147.0;-307.53;147;0.531750826943791;0.0
126;-114.0;-305.15;114;0.5290920728090721;0.0
127;-163.0;-301.78;163;0.5264466124450268;0.0
128;-125.0;-298.03;125;0.5238143793828016;0.0
129;-211.0;-295.14;211;0.5211953074858876;0.0
130;-198.0;-292.12;198;0.5185893309484582;0.0
131;-160.0;-289.61;160;0.5159963842937159;0.0
132;-126.0;-285.87;126;0.5134164023722473;0.0
133;-144.0;-282.31;144;0.510849320360386;0.0
134;-160.0;-278.91;160;0.5082950737585841;0.0
135;-162.0;-275.98;162;0.5057535983897912;0.0
136;-154.0;-273.99;154;0.5032248303978422;0.0
137;-118.0;-270.17;118;0.500708706245853;0.0
138;-215.0;-267.32;215;0.4982051627146237;0.0
139;-142.0;-263.74;142;0.49571413690105054;0.0
140;-182.0;-262.15;182;0.4932355662165453;0.0
141;-155.0;-258.7;155;0.4907693883854626;0.0
142;-123.0;-254.93;123;0.4883155414435353;0.0
143;-124.0;-251.63;124;0.4858739637363176;0.0
144;-125.0;-247.88;125;0.483444593917636;0.0
145;-168.0;-245.75;168;0.4810273709480478;0.0
146;-172.0;-243.66;172;0.47862223409330756;0.0
147;-167.0;-240.33;167;0.47622912292284103;0.0
148;-165.0;-237.07;165;0.4738479773082268;0.0
149;-123.0;-234.5;123;0.47147873742168567;0.0
150;-142.0;-230.92;142;0.46912134373457726;0.0
151;-126.0;-228.84;126;0.46677573701590436;0.0
152;-178.0;-227.12;178;0.46444185833082485;0.0
153;-103.0;-223.15;103;0.46211964903917074;0.0
154;-172.0;-221.36;172;0.4598090507939749;0.0
155;-130.0;-220.46;130;0.457510005540005;0.0
156;-190.0;-219.03;190;0.45522245551230495;0.0
157;-140.0;-216.76;140;0.4529463432347434;0.0
158;-159.0;-213.35;159;0.4506816115185697;0.0
159;-105.0;-209.67;105;0.4484282034609769;0.0
160;-166.0;-208.66;166;0.446186062443672;0.0
161;-133.0;-207.91;133;0.4439551321314536;0.0
162;-162.0;-205.55;162;0.4417353564707963;0.0
163;-170.0;-202.46;170;0.43952667968844233;0.0
164;-160.0;-200.71;160;0.43732904629000013;0.0
165;-114.0;-196.85;114;0.4351424010585501;0.0
166;-145.0;-195.73;145;0.43296668905325736;0.0
167;-160.0;-194.58;160;0.43080185560799106;0.0
168;-140.0;-192.18;140;0.4286478463299511;0.0
169;-115.0;-190.68;115;0.42650460709830135;0.0
170;-115.0;-189.53;115;0.42437208406280985;0.0
171;-134.0;-187.71;134;0.4222502236424958;0.0
172;-210.0;-186.51;210;0.42013897252428334;0.0
173;-142.0;-185.49;142;0.4180382776616619;0.0
174;-167.0;-184.89;167;0.4159480862733536;0.0
175;-165.0;-183.93;165;0.41386834584198684;0.0
176;-120.0;-181.96;120;0.4117990041127769;0.0
177;-110.0;-180.33;110;0.40974000909221303;0.0
178;-170.0;-179.41;170;0.40769130904675194;0.0
179;-164.0;-179.07;164;0.40565285250151817;0.0
180;-127.0;-178.7;127;0.4036245882390106;0.0
181;-144.0;-177.57;144;0.4016064652978155;0.0
182;-155.0;-177.24;155;0.3995984329713264;0.0
183;-148.0;-176.96;148;0.3976004408064698;0.0
184;-151.0;-175.89;151;0.39561243860243744;0.0
185;-97.0;-174.5;97;0.3936343764094253;0.0
186;-113.0;-173.23;113;0.39166620452737816;0.0
187;-128.0;-171.51;128;0.3897078735047413;0.0
188;-138.0;-170.99;138;0.3877593341372176;0.0
189;-107.0;-169.81;107;0.3858205374665315;0.0
190;-500.0;-172.81;499;0.38389143477919885;-1.0
191;-158.0;-172.03;158;0.3819719776053028;0.0
192;-112.0;-170.98;112;0.3800621177172763;0.0
193;-82.0;-169.45;82;0.37816180712868996;0.0
194;-126.0;-167.7;126;0.37627099809304654;0.0
195;-116.0;-166.44;116;0.3743896431025813;0.0
196;-161.0;-166.56;161;0.37251769488706843;0.0
197;-156.0;-165.95;156;0.3706551064126331;0.0
198;-112.0;-165.03;112;0.36880183088056995;0.0
199;-122.0;-164.45;122;0.3669578217261671;0.0
200;-135.0;-163.99;135;0.36512303261753626;0.0
201;-140.0;-163.28;140;0.3632974174544486;0.0
202;-156.0;-163.3;156;0.3614809303671764;0.0
203;-117.0;-162.9;117;0.3596735257153405;0.0
204;-121.0;-162.89;121;0.3578751580867638;0.0
205;-132.0;-161.86;132;0.35608578229633;0.0
206;-105.0;-161.15;105;0.3543053533848483;0.0
207;-138.0;-159.91;138;0.35253382661792404;0.0
208;-120.0;-159.06;120;0.3507711574848344;0.0
209;-119.0;-155.25;119;0.34901730169741024;0.0
210;-114.0;-154.64;114;0.3472722151889232;0.0
211;-91.0;-150.55;91;0.3455358541129786;0.0
212;-134.0;-150.17;134;0.3438081748424137;0.0
213;-152.0;-149.56;152;0.3420891339682016;0.0
214;-122.0;-148.86;122;0.3403786882983606;0.0
215;-187.0;-149.16;187;0.3386767948568688;0.0
216;-138.0;-148.66;138;0.33698341088258443;0.0
217;-133.0;-147.05;133;0.3352984938281715;0.0
218;-160.0;-146.87;160;0.33362200135903064;0.0
219;-129.0;-146.06;129;0.33195389135223546;0.0
220;-141.0;-145.85;141;0.3302941218954743;0.0
221;-158.0;-145.82;158;0.32864265128599696;0.0
222;-108.0;-145.4;108;0.326999438029567;0.0
223;-83.0;-144.55;83;0.3253644408394192;0.0
224;-129.0;-144.65;129;0.3237376186352221;0.0
225;-136.0;-144.54;136;0.322118930542046;0.0
226;-198.0;-145.38;198;0.32050833588933575;0.0
227;-106.0;-144.81;106;0.31890579420988907;0.0
228;-126.0;-144.82;126;0.3173112652388396;0.0
229;-131.0;-144.02;131;0.3157247089126454;0.0
230;-113.0;-143.17;113;0.3141460853680822;0.0
231;-103.0;-142.6;103;0.3125753549412418;0.0
232;-195.0;-143.29;195;0.31101247816653554;0.0
233;-138.0;-143.23;138;0.30945741577570285;0.0
234;-159.0;-143.22;159;0.3079101286968243;0.0
235;-125.0;-142.85;125;0.3063705780533402;0.0
236;-107.0;-142.38;107;0.30483872516307353;0.0
237;-159.0;-142.79;159;0.3033145315372582;0.0
238;-103.0;-141.67;103;0.3017979588795719;0.0
239;-143.0;-141.68;143;0.30028896908517405;0.0
240;-96.0;-140.82;96;0.2987875242397482;0.0
241;-124.0;-140.51;124;0.29729358661854943;0.0
242;-122.0;-140.5;122;0.29580711868545667;0.0
243;-140.0;-140.66;140;0.2943280830920294;0.0
244;-119.0;-140.6;119;0.29285644267656924;0.0
245;-175.0;-140.67;175;0.2913921604631864;0.0
246;-160.0;-140.55;160;0.28993519966087045;0.0
247;-142.0;-140.3;142;0.2884855236625661;0.0
248;-165.0;-140.3;165;0.28704309604425327;0.0
249;-124.0;-140.31;124;0.285607880564032;0.0
250;-500.0;-143.89;499;0.28417984116121187;-1.0
251;-81.0;-143.44;81;0.2827589419554058;0.0
252;-98.0;-142.64;98;0.28134514724562876;0.0
253;-206.0;-143.67;206;0.2799384215094006;0.0
254;-131.0;-143.26;131;0.27853872940185365;0.0
255;-125.0;-143.21;125;0.27714603575484437;0.0
256;-116.0;-142.47;116;0.2757603055760701;0.0
257;-143.0;-142.5;143;0.2743815040481898;0.0
258;-92.0;-141.83;92;0.2730095965279488;0.0
259;-122.0;-142.0;122;0.27164454854530906;0.0
260;-143.0;-141.77;143;0.2702863258025825;0.0
261;-100.0;-141.44;100;0.2689348941735696;0.0
262;-84.0;-140.66;84;0.26759021970270175;0.0
263;-105.0;-140.01;105;0.2662522686041882;0.0
264;-127.0;-139.68;127;0.2649210072611673;0.0
265;-86.0;-139.4;86;0.26359640222486147;0.0
266;-129.0;-139.24;129;0.26227842021373715;0.0
267;-75.0;-138.39;75;0.2609670281126685;0.0
268;-96.0;-137.95;96;0.25966219297210513;0.0
269;-112.0;-137.92;112;0.2583638820072446;0.0
270;-96.0;-137.73;96;0.2570720625972084;0.0
271;-100.0;-137.39;100;0.25578670228422234;0.0
272;-97.0;-136.26;97;0.25450776877280124;0.0
273;-119.0;-136.03;119;0.2532352299289372;0.0
274;-111.0;-135.47;111;0.2519690537792925;0.0
275;-83.0;-134.65;83;0.2507092085103961;0.0
276;-102.0;-134.47;102;0.2494556624678441;0.0
277;-108.0;-134.45;108;0.24820838415550486;0.0
278;-96.0;-133.71;96;0.24696734223472733;0.0
279;-76.0;-132.83;76;0.2457325055235537;0.0
280;-94.0;-132.5;94;0.24450384299593592;0.0
281;-98.0;-132.04;98;0.24328132378095624;0.0
282;-87.0;-131.36;87;0.24206491716205145;0.0
283;-109.0;-130.97;109;0.2408545925762412;0.0
284;-99.0;-130.45;99;0.23965031961336;0.0
285;-124.0;-130.72;124;0.2384520680152932;0.0
286;-114.0;-130.73;114;0.23725980767521673;0.0
287;-93.0;-130.38;93;0.23607350863684065;0.0
288;-98.0;-129.98;98;0.23489314109365644;0.0
289;-122.0;-130.13;122;0.23371867538818816;0.0
290;-140.0;-126.53;140;0.23255008201124722;0.0
291;-111.0;-126.06;111;0.231387331601191;0.0
292;-109.0;-126.03;109;0.23023039494318503;0.0
293;-99.0;-126.2;99;0.2290792429684691;0.0
294;-90.0;-125.84;90;0.22793384675362674;0.0
295;-112.0;-125.8;112;0.22679417751985861;0.0
296;-108.0;-125.27;108;0.22566020663225933;0.0
297;-85.0;-124.56;85;0.22453190559909803;0.0
298;-119.0;-124.63;119;0.22340924607110255;0.0
299;-103.0;-124.44;103;0.22229219984074702;0.0
300;-102.0;-124.11;102;0.2211807388415433;0.0
301;-143.0;-124.14;143;0.22007483514733558;0.0
302;-114.0;-123.72;114;0.2189744609715989;0.0
303;-99.0;-123.54;99;0.2178795886667409;0.0
304;-81.0;-123.14;81;0.2167901907234072;0.0
305;-112.0;-122.94;112;0.21570623976979014;0.0
306;-94.0;-122.83;94;0.21462770857094118;0.0
307;-95.0;-122.4;95;0.21355457002808648;0.0
308;-94.0;-122.14;94;0.21248679717794605;0.0
309;-115.0;-122.1;115;0.21142436319205632;0.0
310;-155.0;-122.51;155;0.21036724137609603;0.0
311;-114.0;-122.74;114;0.20931540516921554;0.0
312;-111.0;-122.51;111;0.20826882814336947;0.0
313;-94.0;-121.93;94;0.20722748400265262;0.0
314;-127.0;-121.98;127;0.20619134658263935;0.0
315;-120.0;-121.31;120;0.20516038984972615;0.0
316;-110.0;-121.03;110;0.2041345879004775;0.0
317;-117.0;-120.87;117;0.2031139149609751;0.0
318;-106.0;-120.33;106;0.20209834538617025;0.0
319;-133.0;-120.37;133;0.2010878536592394;0.0
320;-132.0;-120.28;132;0.2000824143909432;0.0
321;-97.0;-119.67;97;0.19908200231898848;0.0
322;-140.0;-119.99;140;0.19808659230739353;0.0
323;-105.0;-120.21;105;0.19709615934585656;0.0
324;-109.0;-120.01;109;0.19611067854912728;0.0
325;-89.0;-119.54;89;0.19513012515638165;0.0
326;-174.0;-119.3;174;0.19415447453059972;0.0
327;-173.0;-119.97;173;0.19318370215794672;0.0
328;-128.0;-119.99;128;0.192217783647157;0.0
329;-99.0;-119.67;99;0.1912566947289212;0.0
330;-130.0;-119.84;130;0.1903004112552766;0.0
331;-105.0;-119.86;105;0.18934890919900021;0.0
332;-113.0;-119.04;113;0.18840216465300522;0.0
333;-102.0;-118.68;102;0.18746015382974018;0.0
334;-130.0;-118.39;130;0.1865228530605915;0.0
335;-132.0;-118.46;132;0.18559023879528855;0.0
336;-96.0;-118.35;96;0.1846622876013121;0.0
337;-107.0;-117.83;107;0.18373897616330553;0.0
338;-126.0;-118.06;126;0.182820281282489;0.0
339;-148.0;-118.11;148;0.18190617987607657;0.0
340;-90.0;-118.05;90;0.18099664897669618;0.0
341;-92.0;-117.73;92;0.1800916657318127;0.0
342;-77.0;-117.28;77;0.17919120740315364;0.0
343;-110.0;-116.98;110;0.17829525136613786;0.0
344;-102.0;-116.81;102;0.17740377510930716;0.0
345;-83.0;-115.89;83;0.17651675623376062;0.0
346;-82.0;-115.11;82;0.1756341724525918;0.0
347;-90.0;-114.59;90;0.17475600159032884;0.0
348;-97.0;-113.91;97;0.17388222158237718;0.0
349;-92.0;-113.59;92;0.1730128104744653;0.0
350;-74.0;-109.33;74;0.17214774642209296;0.0
351;-94.0;-109.46;94;0.1712870076899825;0.0
352;-90.0;-109.38;90;0.17043057265153258;0.0
353;-148.0;-108.8;148;0.16957841978827493;0.0
354;-113.0;-108.62;113;0.16873052768933355;0.0
355;-85.0;-108.22;85;0.1678868750508869;0.0
356;-94.0;-108.0;94;0.16704744067563246;0.0
357;-92.0;-107.49;92;0.1662122034722543;0.0
358;-112.0;-107.69;112;0.16538114245489302;0.0
359;-154.0;-108.01;154;0.16455423674261854;0.0
360;-84.0;-107.42;84;0.16373146555890544;0.0
361;-100.0;-107.42;100;0.16291280823111093;0.0
362;-111.0;-107.69;111;0.16209824418995536;0.0
363;-78.0;-107.42;78;0.16128775296900558;0.0
364;-76.0;-106.91;76;0.16048131420416054;0.0
365;-114.0;-107.19;114;0.15967890763313974;0.0
366;-94.0;-106.84;94;0.15888051309497406;0.0
367;-88.0;-106.97;88;0.1580861105294992;0.0
368;-79.0;-106.8;79;0.1572956799768517;0.0
369;-82.0;-106.5;82;0.15650920157696743;0.0
370;-88.0;-106.42;88;0.1557266555690826;0.0
371;-111.0;-106.53;111;0.1549480222912372;0.0
372;-74.0;-106.3;74;0.15417328217978102;0.0
373;-86.0;-105.97;86;0.1534024157688821;0.0
374;-120.0;-106.06;120;0.1526354036900377;0.0
375;-148.0;-106.71;148;0.1518722266715875;0.0
376;-81.0;-106.5;81;0.15111286553822956;0.0
377;-90.0;-106.32;90;0.15035730121053842;0.0
378;-121.0;-106.57;121;0.14960551470448571;0.0
379;-83.0;-106.64;83;0.14885748713096328;0.0
380;-182.0;-107.52;182;0.14811319969530845;0.0
381;-101.0;-107.55;101;0.1473726336968319;0.0
382;-89.0;-107.57;89;0.14663577052834775;0.0
383;-87.0;-107.35;87;0.14590259167570602;0.0
384;-218.0;-108.54;218;0.1451730787173275;0.0
385;-79.0;-108.09;79;0.14444721332374086;0.0
386;-165.0;-108.6;165;0.14372497725712216;0.0
387;-88.0;-108.55;88;0.14300635237083656;0.0
388;-91.0;-108.48;91;0.14229132060898236;0.0
389;-100.0;-108.26;100;0.14157986400593744;0.0
390;-86.0;-107.72;86;0.14087196468590776;0.0
391;-91.0;-107.52;91;0.14016760486247823;0.0
392;-99.0;-107.42;99;0.13946676683816583;0.0
393;-103.0;-107.46;103;0.138769433003975;0.0
394;-95.0;-107.51;95;0.13807558583895513;0.0
395;-89.0;-107.28;89;0.13738520790976036;0.0
396;-107.0;-107.27;107;0.13669828187021155;0.0
397;-102.0;-107.44;102;0.13601479046086049;0.0
398;-147.0;-107.72;147;0.1353347165085562;0.0
399;-96.0;-107.65;96;0.1346580429260134;0.0
400;-81.0;-107.44;81;0.13398475271138335;0.0
401;-169.0;-107.7;169;0.13331482894782642;0.0
402;-69.0;-107.25;69;0.13264825480308728;0.0
403;-122.0;-107.48;122;0.13198501352907185;0.0
404;-86.0;-107.53;86;0.1313250884614265;0.0
405;-91.0;-107.32;91;0.13066846301911936;0.0
406;-101.0;-107.39;101;0.13001512070402377;0.0
407;-81.0;-107.25;81;0.12936504510050365;0.0
408;-81.0;-107.12;81;0.12871821987500112;0.0
409;-103.0;-107.0;103;0.12807462877562611;0.0
410;-94.0;-106.39;94;0.12743425563174798;0.0
411;-84.0;-106.09;84;0.12679708435358925;0.0
412;-78.0;-105.76;78;0.1261630989318213;0.0
413;-82.0;-105.64;82;0.1255322834371622;0.0
414;-95.0;-105.32;95;0.12490462201997637;0.0
415;-80.0;-104.92;80;0.1242800989098765;0.0
416;-95.0;-104.77;95;0.12365869841532712;0.0
417;-87.0;-104.47;87;0.12304040492325048;0.0
418;-92.0;-104.33;92;0.12242520289863423;0.0
419;-91.0;-103.91;91;0.12181307688414106;0.0
420;-118.0;-103.77;118;0.12120401149972035;0.0
421;-81.0;-103.61;81;0.12059799144222175;0.0
422;-104.0;-103.25;104;0.11999500148501063;0.0
423;-96.0;-103.16;96;0.11939502647758558;0.0
424;-62.0;-102.69;62;0.11879805134519765;0.0
425;-104.0;-102.84;104;0.11820406108847166;0.0
426;-102.0;-102.12;102;0.1176130407830293;0.0
427;-74.0;-101.13;74;0.11702497557911415;0.0
428;-80.0;-100.65;80;0.11643985070121858;0.0
429;-92.0;-100.58;92;0.11585765144771248;0.0
430;-93.0;-100.21;93;0.11527836319047392;0.0
431;-94.0;-100.1;94;0.11470197137452155;0.0
432;-75.0;-99.72;75;0.11412846151764894;0.0
433;-68.0;-99.38;68;0.1135578192100607;0.0
434;-74.0;-98.82;74;0.11299003011401039;0.0
435;-82.0;-98.32;82;0.11242507996344034;0.0
436;-82.0;-98.18;82;0.11186295456362313;0.0
437;-87.0;-97.98;87;0.11130363979080501;0.0
438;-69.0;-97.41;69;0.11074712159185099;0.0
439;-94.0;-96.87;94;0.11019338598389174;0.0
440;-90.0;-96.87;90;0.10964241905397228;0.0
441;-93.0;-96.88;93;0.10909420695870241;0.0
442;-90.0;-97.01;90;0.1085487359239089;0.0
443;-82.0;-96.73;82;0.10800599224428936;0.0
444;-101.0;-96.72;101;0.10746596228306791;0.0
445;-101.0;-96.9;101;0.10692863247165257;0.0
446;-103.0;-97.11;103;0.1063939893092943;0.0
447;-79.0;-97.0;79;0.10586201936274783;0.0
448;-80.0;-96.83;80;0.10533270926593409;0.0
449;-71.0;-96.62;71;0.10480604571960442;0.0
450;-107.0;-96.95;107;0.1042820154910064;0.0
451;-91.0;-96.92;91;0.10376060541355137;0.0
452;-78.0;-96.8;78;0.1032418023864836;0.0
453;-76.0;-96.08;76;0.10272559337455119;0.0
454;-80.0;-95.75;80;0.10221196540767843;0.0
455;-97.0;-95.87;97;0.10170090558064004;0.0
456;-85.0;-95.78;85;0.10119240105273684;0.0
457;-118.0;-96.04;118;0.10068643904747315;0.0
458;-91.0;-95.83;91;0.10018300685223579;0.0
459;-73.0;-95.02;73;0.0996820918179746;0.0
460;-110.0;-95.28;110;0.09918368135888474;0.0
461;-75.0;-95.03;75;0.09868776295209031;0.0
462;-99.0;-94.91;99;0.09819432413732986;0.0
463;-89.0;-95.02;89;0.09770335251664321;0.0
464;-90.0;-95.16;90;0.09721483575406;0.0
465;-96.0;-94.98;96;0.09672876157528969;0.0
466;-191.0;-95.95;191;0.09624511776741324;0.0
467;-90.0;-95.97;90;0.09576389217857617;0.0
468;-100.0;-96.18;100;0.09528507271768329;0.0
469;-90.0;-96.26;90;0.09480864735409487;0.0
470;-78.0;-96.16;78;0.0943346041173244;0.0
471;-89.0;-95.94;89;0.09386293109673778;0.0
472;-81.0;-96.01;81;0.09339361644125409;0.0
473;-84.0;-95.99;84;0.09292664835904782;0.0
474;-109.0;-95.88;109;0.09246201511725258;0.0
475;-78.0;-95.18;78;0.09199970504166631;0.0
476;-98.0;-95.35;98;0.09153970651645797;0.0
477;-90.0;-95.35;90;0.09108200798387568;0.0
478;-87.0;-95.01;87;0.0906265979439563;0.0
479;-82.0;-95.0;82;0.09017346495423652;0.0
480;-94.0;-94.12;94;0.08972259762946533;0.0
481;-71.0;-93.82;71;0.089273984641318;0.0
482;-69.0;-93.62;69;0.0888276147181114;0.0
483;-73.0;-93.48;73;0.08838347664452084;0.0
484;-108.0;-92.38;108;0.08794155926129824;0.0
485;-122.0;-92.81;122;0.08750185146499175;0.0
486;-89.0;-92.05;89;0.08706434220766679;0.0
487;-99.0;-92.16;99;0.08662902049662846;0.0
488;-92.0;-92.17;92;0.08619587539414532;0.0
489;-79.0;-91.96;79;0.08576489601717459;0.0
490;-78.0;-91.88;78;0.08533607153708872;0.0
491;-121.0;-92.18;121;0.08490939117940327;0.0
492;-103.0;-92.22;103;0.08448484422350626;0.0
493;-96.0;-92.15;96;0.08406242000238873;0.0
494;-81.0;-92.01;81;0.08364210790237678;0.0
495;-69.0;-91.81;69;0.0832238973628649;0.0
496;-110.0;-91.84;110;0.08280777787605056;0.0
497;-79.0;-91.61;79;0.08239373898667031;0.0
498;-115.0;-91.29;115;0.08198177029173696;0.0
499;-63.0;-90.96;63;0.08157186144027828;0.0
500;-87.0;-91.02;87;0.0811640021330769;0.0
501;-108.0;-90.41;108;0.08075818212241151;0.0
502;-70.0;-90.42;70;0.08035439121179945;0.0
503;-106.0;-90.26;106;0.07995261925574046;0.0
504;-83.0;-90.23;83;0.07955285615946175;0.0
505;-96.0;-90.28;96;0.07915509187866444;0.0
506;-82.0;-90.09;82;0.07875931641927113;0.0
507;-92.0;-90.2;92;0.07836551983717477;0.0
508;-88.0;-90.27;88;0.07797369223798889;0.0
509;-118.0;-90.42;118;0.07758382377679894;0.0
510;-86.0;-90.34;86;0.07719590465791494;0.0
511;-97.0;-90.47;97;0.07680992513462537;0.0
512;-80.0;-90.49;80;0.07642587550895225;0.0
513;-80.0;-90.47;80;0.07604374613140748;0.0
514;-123.0;-90.75;123;0.07566352740075044;0.0
515;-91.0;-90.86;91;0.07528520976374668;0.0
516;-103.0;-90.94;103;0.07490878371492794;0.0
517;-86.0;-90.93;86;0.0745342397963533;0.0
518;-114.0;-91.15;114;0.07416156859737154;0.0
519;-117.0;-91.41;117;0.07379076075438468;0.0
520;-92.0;-91.15;92;0.07342180695061275;0.0
521;-112.0;-91.46;112;0.07305469791585968;0.0
522;-62.0;-91.04;62;0.07268942442628039;0.0
523;-70.0;-90.78;70;0.07232597730414898;0.0
524;-83.0;-90.99;83;0.07196434741762824;0.0
525;-71.0;-90.66;71;0.0716045256805401;0.0
526;-119.0;-90.83;119;0.0712465030521374;0.0
527;-71.0;-90.8;71;0.0708902705368767;0.0
528;-110.0;-91.1;110;0.07053581918419231;0.0
529;-72.0;-90.9;72;0.07018314008827135;0.0
530;-84.0;-90.81;84;0.06983222438783;0.0
531;-77.0;-90.64;77;0.06948306326589085;0.0
532;-83.0;-90.72;83;0.0691356479495614;0.0
533;-81.0;-90.85;81;0.06878996970981359;0.0
534;-105.0;-91.16;105;0.06844601986126451;0.0
535;-62.0;-90.96;62;0.06810378976195819;0.0
536;-70.0;-90.84;70;0.0677632708131484;0.0
537;-90.0;-90.87;90;0.06742445445908266;0.0
538;-91.0;-91.09;91;0.06708733218678724;0.0
539;-77.0;-90.92;77;0.0667518955258533;0.0
540;-80.0;-90.82;80;0.06641813604822402;0.0
541;-87.0;-90.76;87;0.0660860453679829;0.0
542;-77.0;-90.63;77;0.06575561514114299;0.0
543;-135.0;-91.16;135;0.06542683706543727;0.0
544;-91.0;-91.06;91;0.06509970288011008;0.0
545;-84.0;-90.89;84;0.06477420436570952;0.0
546;-101.0;-90.87;101;0.06445033334388098;0.0
547;-82.0;-90.9;82;0.06412808167716157;0.0
548;-102.0;-91.12;102;0.06380744126877576;0.0
549;-93.0;-91.34;93;0.06348840406243188;0.0
550;-84.0;-91.11;84;0.06317096204211972;0.0
551;-61.0;-90.81;61;0.06285510723190912;0.0
552;-96.0;-90.99;96;0.06254083169574957;0.0
553;-111.0;-91.34;111;0.062228127537270826;0.0
554;-73.0;-91.27;73;0.06191698689958447;0.0
555;-75.0;-91.05;75;0.061607401965086545;0.0
556;-86.0;-91.06;86;0.06129936495526111;0.0
557;-63.0;-90.51;63;0.0609928681304848;0.0
558;-88.0;-90.48;88;0.060687903789832374;0.0
559;-91.0;-90.66;91;0.06038446427088321;0.0
560;-96.0;-90.52;96;0.06008254194952879;0.0
561;-85.0;-90.62;85;0.05978212923978115;0.0
562;-85.0;-90.48;85;0.05948321859358224;0.0
563;-79.0;-90.38;79;0.05918580250061433;0.0
564;-97.0;-90.45;97;0.058889873488111255;0.0
565;-113.0;-90.62;113;0.058595424120670696;0.0
566;-102.0;-89.73;102;0.05830244700006734;0.0
567;-74.0;-89.57;74;0.058010934765067;0.0
568;-71.0;-89.28;71;0.05772088009124167;0.0
569;-78.0;-89.16;78;0.05743227569078546;0.0
570;-88.0;-89.26;88;0.05714511431233153;0.0
571;-74.0;-89.11;74;0.05685938874076987;0.0
572;-63.0;-88.93;63;0.056575091797066025;0.0
573;-99.0;-89.08;99;0.056292216338080694;0.0
574;-68.0;-88.67;68;0.05601075525639029;0.0
575;-63.0;-88.52;63;0.05573070148010834;0.0
576;-82.0;-88.36;82;0.0554520479727078;0.0
577;-74.0;-88.2;74;0.05517478773284426;0.0
578;-91.0;-88.24;91;0.05489891379418004;0.0
579;-85.0;-88.27;85;0.05462441922520914;0.0
580;-89.0;-88.22;89;0.0543512971290831;0.0
581;-101.0;-88.52;101;0.05407954064343768;0.0
582;-69.0;-88.52;69;0.05380914294022049;0.0
583;-79.0;-88.58;79;0.05354009722551939;0.0
584;-77.0;-88.27;77;0.05327239673939179;0.0
585;-96.0;-88.01;96;0.053006034755694834;0.0
586;-94.0;-88.06;94;0.052741004581916356;0.0
587;-86.0;-87.93;86;0.052477299559006776;0.0
588;-68.0;-87.69;68;0.052214913061211746;0.0
589;-66.0;-87.56;66;0.05195383849590569;0.0
590;-82.0;-87.6;82;0.05169406930342616;0.0
591;-69.0;-87.08;69;0.05143559895690903;0.0
592;-93.0;-86.98;93;0.051178420962124486;0.0
593;-77.0;-86.79;77;0.05092252885731386;0.0
594;-63.0;-86.61;63;0.05066791621302729;0.0
595;-100.0;-86.92;100;0.05041457663196215;0.0
596;-86.0;-86.68;86;0.050162503748802344;0.0
597;-97.0;-86.86;97;0.049911691230058335;0.0
598;-83.0;-86.54;83;0.04966213277390804;0.0
599;-80.0;-86.71;80;0.0494138221100385;0.0
600;-127.0;-87.11;127;0.04916675299948831;0.0
601;-61.0;-86.64;61;0.04892091923449087;0.0
602;-100.0;-86.94;100;0.04867631463831842;0.0
603;-62.0;-86.5;62;0.048432933065126825;0.0
604;-75.0;-86.42;75;0.048190768399801194;0.0
605;-72.0;-86.18;72;0.04794981455780219;0.0
606;-83.0;-86.19;83;0.04771006548501318;0.0
607;-74.0;-86.01;74;0.047471515157588115;0.0
608;-74.0;-85.87;74;0.047234157581800176;0.0
609;-90.0;-85.59;90;0.046997986793891174;0.0
610;-81.0;-85.54;81;0.04676299685992172;0.0
611;-99.0;-85.56;99;0.04652918187562211;0.0
612;-75.0;-85.51;75;0.046296535966244;0.0
613;-62.0;-85.33;62;0.046065053286412784;0.0
614;-82.0;-84.92;82;0.04583472801998072;0.0
615;-77.0;-84.78;77;0.045605554379880814;0.0
616;-87.0;-84.62;87;0.04537752660798141;0.0
617;-109.0;-84.85;109;0.0451506389749415;0.0
618;-86.0;-84.57;86;0.044924885780066794;0.0
619;-74.0;-84.14;74;0.04470026135116646;0.0
620;-71.0;-83.93;71;0.04447676004441063;0.0
621;-98.0;-83.79;98;0.04425437624418858;0.0
622;-95.0;-84.12;95;0.04403310436296763;0.0
623;-81.0;-84.23;81;0.043812938841152796;0.0
624;-85.0;-84.25;85;0.04359387414694703;0.0
625;-84.0;-84.38;84;0.043375904776212296;0.0
626;-91.0;-84.1;91;0.043159025252331236;0.0
627;-76.0;-84.15;76;0.04294323012606958;0.0
628;-73.0;-83.78;73;0.04272851397543923;0.0
629;-93.0;-83.99;93;0.04251487140556204;0.0
630;-71.0;-83.86;71;0.04230229704853423;0.0
631;-78.0;-83.87;78;0.04209078556329156;0.0
632;-88.0;-83.92;88;0.0418803316354751;0.0
633;-96.0;-84.07;96;0.041670929977297724;0.0
634;-70.0;-83.72;70;0.04146257532741124;0.0
635;-108.0;-84.18;108;0.04125526245077418;0.0
636;-82.0;-84.3;82;0.04104898613852031;0.0
637;-96.0;-84.36;96;0.04084374120782771;0.0
638;-87.0;-84.32;87;0.04063952250178857;0.0
639;-80.0;-84.35;80;0.04043632488927963;0.0
640;-92.0;-84.47;92;0.04023414326483323;0.0
641;-88.0;-84.48;88;0.040032972548509065;0.0
642;-93.0;-84.64;93;0.03983280768576652;0.0
643;-83.0;-84.12;83;0.03963364364733769;0.0
644;-74.0;-83.95;74;0.039435475429100995;0.0
645;-91.0;-84.02;91;0.03923829805195549;0.0
646;-71.0;-83.72;71;0.03904210656169572;0.0
647;-62.0;-83.52;62;0.03884689602888724;0.0
648;-74.0;-83.24;74;0.0386526615487428;0.0
649;-93.0;-83.24;93;0.03845939824099909;0.0
650;-123.0;-83.63;123;0.03826710124979409;0.0
651;-91.0;-83.93;91;0.038075765743545126;0.0
652;-93.0;-83.9;93;0.0378853869148274;0.0
653;-95.0;-83.74;95;0.03769595998025326;0.0
654;-70.0;-83.71;70;0.03750748018035199;0.0
655;-62.0;-83.58;62;0.037319942779450235;0.0
656;-78.0;-83.5;78;0.037133343065552986;0.0
657;-70.0;-83.57;70;0.03694767635022522;0.0
658;-84.0;-83.53;84;0.036762937968474095;0.0
659;-71.0;-83.33;71;0.03657912327863173;0.0
660;-104.0;-83.41;104;0.036396227662238566;0.0
661;-104.0;-83.6;104;0.03621424652392737;0.0
662;-85.0;-83.6;85;0.036033175291307735;0.0
663;-74.0;-83.55;74;0.03585300941485119;0.0
664;-80.0;-83.38;80;0.035673744367776934;0.0
665;-101.0;-83.26;101;0.03549537564593805;0.0
666;-77.0;-83.01;77;0.035317898767708356;0.0
667;-86.0;-83.13;86;0.03514130927386981;0.0
668;-71.0;-83.13;71;0.03496560272750046;0.0
669;-72.0;-83.07;72;0.03479077471386296;0.0
670;-95.0;-83.14;95;0.03461682084029365;0.0
671;-83.0;-83.23;83;0.034443736736092176;0.0
672;-73.0;-83.33;73;0.034271518052411715;0.0
673;-88.0;-83.22;88;0.034100160462149656;0.0
674;-106.0;-83.6;106;0.03392965965983891;0.0
675;-68.0;-83.65;68;0.033760011361539714;0.0
676;-157.0;-84.4;157;0.03359121130473201;0.0
677;-93.0;-84.59;93;0.033423255248208356;0.0
678;-75.0;-84.43;75;0.03325613897196732;0.0
679;-72.0;-84.3;72;0.03308985827710748;0.0
680;-63.0;-84.04;63;0.032924408985721944;0.0
681;-93.0;-83.96;93;0.03275978694079333;0.0
682;-91.0;-84.18;91;0.032595988006089364;0.0
683;-87.0;-84.26;87;0.032433008066058915;0.0
684;-90.0;-84.39;90;0.03227084302572862;0.0
685;-107.0;-84.5;107;0.032109488810599975;0.0
686;-105.0;-84.61;105;0.031948941366546975;0.0
687;-86.0;-84.61;86;0.03178919665971424;0.0
688;-78.0;-84.71;78;0.03163025067641567;0.0
689;-74.0;-84.79;74;0.03147209942303359;0.0
690;-100.0;-84.97;100;0.03131473892591842;0.0
691;-73.0;-85.01;73;0.031158165231288826;0.0
692;-94.0;-85.02;94;0.03100237440513238;0.0
693;-78.0;-85.03;78;0.030847362533106718;0.0
694;-89.0;-85.29;89;0.030693125720441184;0.0
695;-74.0;-85.03;74;0.030539660091838977;0.0
696;-62.0;-84.79;62;0.03038696179137978;0.0
697;-88.0;-84.7;88;0.030235026982422884;0.0
698;-91.0;-84.78;91;0.030083851847510768;0.0
699;-76.0;-84.74;76;0.029933432588273214;0.0
700;-88.0;-84.35;88;0.029783765425331846;0.0
701;-84.0;-84.58;84;0.029634846598205186;0.0
702;-72.0;-84.3;72;0.02948667236521416;0.0
703;-89.0;-84.57;89;0.029339239003388088;0.0
704;-104.0;-84.86;104;0.029192542808371146;0.0
705;-78.0;-84.92;78;0.02904658009432929;0.0
706;-93.0;-85.02;93;0.028901347193857643;0.0
707;-91.0;-85.19;91;0.028756840457888354;0.0
708;-70.0;-85.15;70;0.02861305625559891;0.0
709;-90.0;-85.15;90;0.028469990974320916;0.0
710;-62.0;-84.96;62;0.02832764101944931;0.0
711;-79.0;-84.76;79;0.028186002814352063;0.0
712;-82.0;-84.83;82;0.0280450728002803;0.0
713;-61.0;-84.82;61;0.0279048474362789;0.0
714;-101.0;-85.01;101;0.027765323199097504;0.0
715;-71.0;-84.95;71;0.027626496583102015;0.0
716;-86.0;-84.94;86;0.027488364100186506;0.0
717;-75.0;-84.6;75;0.027350922279685573;0.0
718;-98.0;-84.72;98;0.027214167668287145;0.0
719;-87.0;-84.85;87;0.02707809682994571;0.0
720;-90.0;-85.04;90;0.02694270634579598;0.0
721;-77.0;-84.83;77;0.026807992814067;0.0
722;-104.0;-84.92;104;0.026673952849996664;0.0
723;-76.0;-84.87;76;0.02654058308574668;0.0
724;-83.0;-84.85;83;0.026407880170317945;0.0
725;-74.0;-84.75;74;0.026275840769466357;0.0
726;-105.0;-84.89;105;0.026144461565619025;0.0
727;-73.0;-84.86;73;0.02601373925779093;0.0
728;-61.0;-84.74;61;0.025883670561501974;0.0
729;-70.0;-84.51;70;0.025754252208694463;0.0
730;-62.0;-84.42;62;0.02562548094765099;0.0
731;-94.0;-84.58;94;0.025497353542912736;0.0
732;-78.0;-84.48;78;0.02536986677519817;0.0
733;-78.0;-84.3;78;0.02524301744132218;0.0
734;-83.0;-84.43;83;0.025116802354115567;0.0
735;-70.0;-84.05;70;0.024991218342344988;0.0
736;-70.0;-83.93;70;0.024866262250633264;0.0
737;-70.0;-83.67;70;0.024741930939380097;0.0
738;-75.0;-83.55;75;0.024618221284683196;0.0
739;-98.0;-83.73;98;0.02449513017825978;0.0
740;-77.0;-83.58;77;0.02437265452736848;0.0
741;-79.0;-83.49;79;0.024250791254731636;0.0
742;-89.0;-83.45;89;0.024129537298457977;0.0
743;-82.0;-83.44;82;0.024008889611965685;0.0
744;-100.0;-83.7;100;0.023888845163905856;0.0
745;-86.0;-83.65;86;0.023769400938086327;0.0
746;-86.0;-83.8;86;0.023650553933395897;0.0
747;-71.0;-83.89;71;0.023532301163728918;0.0
748;-69.0;-83.84;69;0.023414639657910272;0.0
749;-79.0;-83.7;79;0.023297566459620722;0.0
750;-101.0;-83.48;101;0.023181078627322618;0.0
751;-82.0;-83.39;82;0.023065173234186005;0.0
752;-69.0;-83.15;69;0.022949847368015076;0.0
753;-63.0;-82.83;63;0.022835098131175;0.0
754;-63.0;-82.76;63;0.022720922640519125;0.0
755;-96.0;-83.1;96;0.02260731802731653;0.0
756;-94.0;-83.26;94;0.022494281437179946;0.0
757;-75.0;-83.31;75;0.022381810029994047;0.0
758;-82.0;-83.29;82;0.022269900979844076;0.0
759;-62.0;-83.2;62;0.022158551474944856;0.0
760;-106.0;-83.22;106;0.022047758717570132;0.0
761;-94.0;-83.12;94;0.021937519923982282;0.0
762;-88.0;-83.15;88;0.021827832324362372;0.0
763;-73.0;-83.14;73;0.02171869316274056;0.0
764;-90.0;-83.24;90;0.021610099696926857;0.0
765;-75.0;-82.98;75;0.021502049198442223;0.0
766;-83.0;-83.04;83;0.021394538952450012;0.0
767;-75.0;-82.93;75;0.02128756625768776;0.0
768;-76.0;-82.98;76;0.021181128426399323;0.0
769;-72.0;-82.98;72;0.021075222784267326;0.0
770;-96.0;-82.99;96;0.020969846670345987;0.0
771;-70.0;-82.86;70;0.020864997436994256;0.0
772;-84.0;-82.97;84;0.020760672449809284;0.0
773;-80.0;-82.89;80;0.020656869087560238;0.0
774;-95.0;-82.78;95;0.020553584742122436;0.0
775;-77.0;-82.87;77;0.020450816818411825;0.0
776;-90.0;-82.2;90;0.020348562734319765;0.0
777;-76.0;-82.03;76;0.020246819920648168;0.0
778;-92.0;-82.2;92;0.020145585821044927;0.0
779;-76.0;-82.24;76;0.020044857891939702;0.0
780;-74.0;-82.35;74;0.019944633602480003;0.0
781;-75.0;-82.17;75;0.019844910434467605;0.0
782;-84.0;-82.1;84;0.019745685882295267;0.0
783;-70.0;-81.93;70;0.01964695745288379;0.0
784;-90.0;-81.93;90;0.01954872266561937;0.0
785;-96.0;-81.82;96;0.019450979052291272;0.0
786;-75.0;-81.52;75;0.019353724157029815;0.0
787;-71.0;-81.37;71;0.019256955536244666;0.0
788;-115.0;-81.74;115;0.019160670758563442;0.0
789;-115.0;-82.15;115;0.019064867404770626;0.0
790;-71.0;-81.86;71;0.018969543067746772;0.0
791;-62.0;-81.75;62;0.018874695352408037;0.0
792;-93.0;-81.74;93;0.018780321875645996;0.0
793;-92.0;-81.88;92;0.018686420266267767;0.0
794;-86.0;-81.85;86;0.018592988164936427;0.0
795;-62.0;-81.73;62;0.018500023224111744;0.0
796;-71.0;-81.82;71;0.018407523107991184;0.0
797;-73.0;-81.67;73;0.01831548549245123;0.0
798;-72.0;-81.48;72;0.018223908064988973;0.0
799;-92.0;-81.64;92;0.018132788524664028;0.0
800;-88.0;-81.64;88;0.018042124582040707;0.0
801;-78.0;-81.58;78;0.017951913959130504;0.0
802;-103.0;-81.89;103;0.01786215438933485;0.0
803;-70.0;-81.7;70;0.017772843617388175;0.0
804;-111.0;-81.77;111;0.017683979399301233;0.0
805;-80.0;-81.79;80;0.017595559502304726;0.0
806;-85.0;-81.71;85;0.0175075817047932;0.0
807;-81.0;-81.61;81;0.017420043796269234;0.0
808;-104.0;-81.95;104;0.017332943577287888;0.0
809;-72.0;-81.77;72;0.01724627885940145;0.0
810;-70.0;-81.85;70;0.017160047465104442;0.0
811;-70.0;-81.76;70;0.01707424722777892;0.0
812;-87.0;-81.81;87;0.016988875991640028;0.0
813;-71.0;-81.91;71;0.016903931611681827;0.0
814;-105.0;-81.95;105;0.01681941195362342;0.0
815;-81.0;-82.05;81;0.016735314893855303;0.0
816;-106.0;-82.25;106;0.016651638319386028;0.0
817;-71.0;-82.21;71;0.0165683801277891;0.0
818;-99.0;-82.22;99;0.016485538227150154;0.0
819;-80.0;-82.15;80;0.0164031105360144;0.0
820;-89.0;-82.14;89;0.01632109498333433;0.0
821;-76.0;-82.13;76;0.016239489508417658;0.0
822;-76.0;-81.85;76;0.01615829206087557;0.0
823;-76.0;-81.85;76;0.01607750060057119;0.0
824;-95.0;-81.97;95;0.015997113097568336;0.0
825;-107.0;-82.3;107;0.015917127532080494;0.0
826;-85.0;-82.1;85;0.01583754189442009;0.0
827;-98.0;-82.35;98;0.01575835418494799;0.0
828;-90.0;-82.64;90;0.01567956241402325;0.0
829;-61.0;-82.55;61;0.015601164601953134;0.0
830;-98.0;-82.91;98;0.015523158778943369;0.0
831;-77.0;-82.74;77;0.015445542985048652;0.0
832;-93.0;-82.89;93;0.015368315270123408;0.0
833;-87.0;-82.98;87;0.01529147369377279;0.0
834;-81.0;-82.96;81;0.015215016325303928;0.0
835;-74.0;-83.0;74;0.015138941243677408;0.0
836;-118.0;-83.48;118;0.01506324653745902;0.0
837;-104.0;-83.82;104;0.014987930304771725;0.0
838;-72.0;-83.79;72;0.014912990653247866;0.0
839;-96.0;-83.77;96;0.014838425699981627;0.0
840;-92.0;-83.92;92;0.01476423357148172;0.0
841;-61.0;-83.74;61;0.014690412403624311;0.0
842;-95.0;-83.8;95;0.01461696034160619;0.0
843;-76.0;-83.74;76;0.014543875539898159;0.0
844;-104.0;-83.78;104;0.014471156162198668;0.0
845;-73.0;-83.65;73;0.014398800381387675;0.0
846;-73.0;-83.52;73;0.014326806379480736;0.0
847;-68.0;-83.49;68;0.014255172347583332;0.0
848;-64.0;-83.44;64;0.014183896485845416;0.0
849;-75.0;-83.4;75;0.014112977003416188;0.0
850;-75.0;-83.14;75;0.014042412118399107;0.0
851;-113.0;-83.45;113;0.013972200057807112;0.0
852;-90.0;-83.66;90;0.013902339057518077;0.0
853;-74.0;-83.77;74;0.013832827362230486;0.0
854;-79.0;-83.93;79;0.013763663225419333;0.0
855;-95.0;-83.92;95;0.013694844909292236;0.0
856;-101.0;-83.99;101;0.013626370684745774;0.0
857;-92.0;-84.16;92;0.013558238831322046;0.0
858;-81.0;-84.15;81;0.013490447637165436;0.0
859;-75.0;-84.28;75;0.013422995398979608;0.0
860;-82.0;-84.04;82;0.01335588042198471;0.0
861;-74.0;-83.84;74;0.013289101019874787;0.0
862;-74.0;-83.7;74;0.013222655514775413;0.0
863;-86.0;-83.83;86;0.013156542237201536;0.0
864;-73.0;-83.66;73;0.013090759526015528;0.0
865;-93.0;-83.84;93;0.01302530572838545;0.0
866;-73.0;-83.74;73;0.012960179199743523;0.0
867;-61.0;-83.6;61;0.012895378303744804;0.0
868;-71.0;-83.55;71;0.01283090141222608;0.0
869;-72.0;-83.55;72;0.012766746905164949;0.0
870;-92.0;-83.51;92;0.012702913170639124;0.0
871;-103.0;-83.84;103;0.012639398604785928;0.0
872;-70.0;-83.7;70;0.012576201611761997;0.0
873;-79.0;-83.69;79;0.012513320603703188;0.0
874;-61.0;-83.35;61;0.012450754000684672;0.0
875;-116.0;-83.74;116;0.012388500230681249;0.0
876;-72.0;-83.56;72;0.012326557729527843;0.0
877;-79.0;-83.59;79;0.012264924940880204;0.0
878;-93.0;-83.6;93;0.012203600316175803;0.0
879;-75.0;-83.59;75;0.012142582314594924;0.0
880;-73.0;-83.58;73;0.01208186940302195;0.0
881;-78.0;-83.61;78;0.01202146005600684;0.0
882;-74.0;-83.51;74;0.011961352755726806;0.0
883;-67.0;-83.48;67;0.01190154599194817;0.0
884;-69.0;-83.27;69;0.01184203826198843;0.0
885;-79.0;-83.1;79;0.011782828070678488;0.0
886;-70.0;-83.05;70;0.011723913930325095;0.0
887;-83.0;-83.17;83;0.01166529436067347;0.0
888;-82.0;-82.84;82;0.011606967888870102;0.0
889;-63.0;-82.32;63;0.01154893304942575;0.0
890;-97.0;-82.58;97;0.011491188384178622;0.0
891;-74.0;-82.7;74;0.011433732442257729;0.0
892;-70.0;-82.47;70;0.01137656378004644;0.0
893;-61.0;-82.16;61;0.011319680961146208;0.0
894;-89.0;-82.19;89;0.011263082556340478;0.0
895;-89.0;-82.46;89;0.011206767143558775;0.0
896;-96.0;-82.71;96;0.011150733307840981;0.0
897;-75.0;-82.73;75;0.011094979641301777;0.0
898;-73.0;-82.74;73;0.011039504743095268;0.0
899;-94.0;-82.76;94;0.01098430721937979;0.0
900;-80.0;-82.68;80;0.010929385683282892;0.0
901;-71.0;-82.61;71;0.010874738754866477;0.0
902;-101.0;-82.59;101;0.010820365061092144;0.0
903;-76.0;-82.65;76;0.010766263235786683;0.0
904;-169.0;-83.23;169;0.01071243191960775;0.0
905;-62.0;-83.05;62;0.010658869760009713;0.0
906;-131.0;-83.51;131;0.010605575411209664;0.0
907;-92.0;-83.62;92;0.010552547534153616;0.0
908;-71.0;-83.29;71;0.010499784796482848;0.0
909;-75.0;-83.32;75;0.010447285872500434;0.0
910;-95.0;-83.57;95;0.01039504944313793;0.0
911;-85.0;-83.72;85;0.010343074195922241;0.0
912;-75.0;-83.6;75;0.01029135882494263;0.0
913;-96.0;-83.85;96;0.010239902030817916;0.0
914;-108.0;-83.88;108;0.010188702520663827;0.0
915;-96.0;-84.03;96;0.010137759008060509;0.0
916;-95.0;-83.92;95;0.010087070213020206;0.0
917;-95.0;-84.16;95;0.010036634861955105;0.0
918;-69.0;-83.86;69;0.00998645168764533;0.0
919;-92.0;-83.98;92;0.00998645168764533;0.0
920;-71.0;-83.8;71;0.00998645168764533;0.0
921;-75.0;-83.79;75;0.00998645168764533;0.0
922;-90.0;-83.93;90;0.00998645168764533;0.0
923;-95.0;-84.12;95;0.00998645168764533;0.0
924;-72.0;-83.89;72;0.00998645168764533;0.0
925;-94.0;-83.76;94;0.00998645168764533;0.0
926;-70.0;-83.61;70;0.00998645168764533;0.0
927;-95.0;-83.58;95;0.00998645168764533;0.0
928;-86.0;-83.54;86;0.00998645168764533;0.0
929;-80.0;-83.73;80;0.00998645168764533;0.0
930;-74.0;-83.49;74;0.00998645168764533;0.0
931;-69.0;-83.41;69;0.00998645168764533;0.0
932;-83.0;-83.31;83;0.00998645168764533;0.0
933;-73.0;-83.17;73;0.00998645168764533;0.0
934;-71.0;-83.07;71;0.00998645168764533;0.0
935;-94.0;-83.27;94;0.00998645168764533;0.0
936;-63.0;-82.72;63;0.00998645168764533;0.0
937;-100.0;-82.68;100;0.00998645168764533;0.0
938;-97.0;-82.93;97;0.00998645168764533;0.0
939;-87.0;-82.84;87;0.00998645168764533;0.0
940;-79.0;-82.71;79;0.00998645168764533;0.0
941;-128.0;-83.38;128;0.00998645168764533;0.0
942;-92.0;-83.35;92;0.00998645168764533;0.0
943;-107.0;-83.66;107;0.00998645168764533;0.0
944;-72.0;-83.34;72;0.00998645168764533;0.0
945;-85.0;-83.46;85;0.00998645168764533;0.0
946;-79.0;-83.52;79;0.00998645168764533;0.0
947;-102.0;-83.86;102;0.00998645168764533;0.0
948;-75.0;-83.97;75;0.00998645168764533;0.0
949;-88.0;-84.1;88;0.00998645168764533;0.0
950;-87.0;-84.22;87;0.00998645168764533;0.0
951;-81.0;-83.9;81;0.00998645168764533;0.0
952;-78.0;-83.78;78;0.00998645168764533;0.0
953;-89.0;-83.93;89;0.00998645168764533;0.0
954;-86.0;-84.0;86;0.00998645168764533;0.0
955;-62.0;-83.67;62;0.00998645168764533;0.0
956;-74.0;-83.4;74;0.00998645168764533;0.0
957;-88.0;-83.36;88;0.00998645168764533;0.0
958;-102.0;-83.57;102;0.00998645168764533;0.0
959;-74.0;-83.56;74;0.00998645168764533;0.0
960;-72.0;-83.46;72;0.00998645168764533;0.0
961;-82.0;-83.54;82;0.00998645168764533;0.0
962;-87.0;-83.67;87;0.00998645168764533;0.0
963;-71.0;-83.52;71;0.00998645168764533;0.0
964;-93.0;-83.72;93;0.00998645168764533;0.0
965;-63.0;-83.42;63;0.00998645168764533;0.0
966;-77.0;-83.46;77;0.00998645168764533;0.0
967;-75.0;-83.6;75;0.00998645168764533;0.0
968;-94.0;-83.83;94;0.00998645168764533;0.0
969;-71.0;-83.82;71;0.00998645168764533;0.0
970;-71.0;-83.61;71;0.00998645168764533;0.0
971;-98.0;-83.56;98;0.00998645168764533;0.0
972;-63.0;-83.49;63;0.00998645168764533;0.0
973;-82.0;-83.52;82;0.00998645168764533;0.0
974;-86.0;-83.77;86;0.00998645168764533;0.0
975;-75.0;-83.36;75;0.00998645168764533;0.0
976;-93.0;-83.57;93;0.00998645168764533;0.0
977;-95.0;-83.73;95;0.00998645168764533;0.0
978;-127.0;-84.07;127;0.00998645168764533;0.0
979;-77.0;-84.09;77;0.00998645168764533;0.0
980;-94.0;-84.3;94;0.00998645168764533;0.0
981;-74.0;-84.26;74;0.00998645168764533;0.0
982;-62.0;-84.14;62;0.00998645168764533;0.0
983;-71.0;-84.18;71;0.00998645168764533;0.0
984;-71.0;-84.2;71;0.00998645168764533;0.0
985;-76.0;-84.17;76;0.00998645168764533;0.0
986;-74.0;-84.21;74;0.00998645168764533;0.0
987;-62.0;-84.0;62;0.00998645168764533;0.0
988;-60.0;-83.78;60;0.00998645168764533;0.0
989;-76.0;-83.91;76;0.00998645168764533;0.0
990;-71.0;-83.65;71;0.00998645168764533;0.0
991;-134.0;-84.25;134;0.00998645168764533;0.0
992;-70.0;-84.25;70;0.00998645168764533;0.0
993;-91.0;-84.55;91;0.00998645168764533;0.0
994;-70.0;-84.36;70;0.00998645168764533;0.0
995;-81.0;-84.28;81;0.00998645168764533;0.0
996;-78.0;-84.1;78;0.00998645168764533;0.0
997;-78.0;-84.13;78;0.00998645168764533;0.0
998;-80.0;-84.2;80;0.00998645168764533;0.0
999;-61.0;-83.87;61;0.00998645168764533;0.0
1000;-90.0;-83.97;90;0.00998645168764533;0.0
1001;-63.0;-83.89;63;0.00998645168764533;0.0
1002;-89.0;-83.77;89;0.00998645168764533;0.0
1003;-62.0;-83.63;62;0.00998645168764533;0.0
1004;-89.0;-82.83;89;0.00998645168764533;0.0
1005;-62.0;-82.83;62;0.00998645168764533;0.0
1006;-78.0;-82.3;78;0.00998645168764533;0.0
1007;-93.0;-82.31;93;0.00998645168764533;0.0
1008;-69.0;-82.29;69;0.00998645168764533;0.0
1009;-90.0;-82.44;90;0.00998645168764533;0.0
1010;-82.0;-82.31;82;0.00998645168764533;0.0
1011;-73.0;-82.19;73;0.00998645168764533;0.0
1012;-70.0;-82.14;70;0.00998645168764533;0.0
1013;-72.0;-81.9;72;0.00998645168764533;0.0
1014;-62.0;-81.44;62;0.00998645168764533;0.0
1015;-75.0;-81.23;75;0.00998645168764533;0.0
1016;-92.0;-81.2;92;0.00998645168764533;0.0
1017;-83.0;-81.08;83;0.00998645168764533;0.0
1018;-176.0;-82.15;176;0.00998645168764533;0.0
1019;-94.0;-82.17;94;0.00998645168764533;0.0
1020;-92.0;-82.38;92;0.00998645168764533;0.0
1021;-109.0;-82.72;109;0.00998645168764533;0.0
1022;-84.0;-82.66;84;0.00998645168764533;0.0
1023;-64.0;-82.35;64;0.00998645168764533;0.0
1024;-77.0;-82.4;77;0.00998645168764533;0.0
1025;-117.0;-82.63;117;0.00998645168764533;0.0
1026;-73.0;-82.66;73;0.00998645168764533;0.0
1027;-90.0;-82.61;90;0.00998645168764533;0.0
1028;-62.0;-82.37;62;0.00998645168764533;0.0
1029;-75.0;-82.32;75;0.00998645168764533;0.0
1030;-95.0;-82.53;95;0.00998645168764533;0.0
1031;-88.0;-82.72;88;0.00998645168764533;0.0
1032;-151.0;-83.4;151;0.00998645168764533;0.0
1033;-82.0;-83.49;82;0.00998645168764533;0.0
1034;-72.0;-83.5;72;0.00998645168764533;0.0
1035;-121.0;-83.77;121;0.00998645168764533;0.0
1036;-94.0;-84.08;94;0.00998645168764533;0.0
1037;-109.0;-84.17;109;0.00998645168764533;0.0
1038;-63.0;-83.83;63;0.00998645168764533;0.0
1039;-80.0;-83.76;80;0.00998645168764533;0.0
1040;-73.0;-83.7;73;0.00998645168764533;0.0
1041;-87.0;-83.29;87;0.00998645168764533;0.0
1042;-140.0;-83.77;140;0.00998645168764533;0.0
1043;-84.0;-83.54;84;0.00998645168764533;0.0
1044;-77.0;-83.59;77;0.00998645168764533;0.0
1045;-74.0;-83.48;74;0.00998645168764533;0.0
1046;-63.0;-83.32;63;0.00998645168764533;0.0
1047;-77.0;-83.07;77;0.00998645168764533;0.0
1048;-61.0;-82.93;61;0.00998645168764533;0.0
1049;-87.0;-82.92;87;0.00998645168764533;0.0
1050;-210.0;-84.15;210;0.00998645168764533;0.0
1051;-75.0;-84.09;75;0.00998645168764533;0.0
1052;-87.0;-84.18;87;0.00998645168764533;0.0
1053;-104.0;-84.33;104;0.00998645168764533;0.0
1054;-94.0;-84.41;94;0.00998645168764533;0.0
1055;-97.0;-84.76;97;0.00998645168764533;0.0
1056;-114.0;-85.16;114;0.00998645168764533;0.0
1057;-75.0;-85.03;75;0.00998645168764533;0.0
1058;-72.0;-84.73;72;0.00998645168764533;0.0
1059;-69.0;-84.68;69;0.00998645168764533;0.0
1060;-102.0;-84.98;102;0.00998645168764533;0.0
1061;-86.0;-85.02;86;0.00998645168764533;0.0
1062;-76.0;-84.91;76;0.00998645168764533;0.0
1063;-119.0;-85.39;119;0.00998645168764533;0.0
1064;-79.0;-85.25;79;0.00998645168764533;0.0
1065;-73.0;-85.35;73;0.00998645168764533;0.0
1066;-90.0;-85.48;90;0.00998645168764533;0.0
1067;-62.0;-85.35;62;0.00998645168764533;0.0
1068;-97.0;-85.38;97;0.00998645168764533;0.0
1069;-77.0;-85.44;77;0.00998645168764533;0.0
1070;-76.0;-85.49;76;0.00998645168764533;0.0
1071;-98.0;-85.49;98;0.00998645168764533;0.0
1072;-73.0;-85.59;73;0.00998645168764533;0.0
1073;-101.0;-85.78;101;0.00998645168764533;0.0
1074;-63.0;-85.55;63;0.00998645168764533;0.0
1075;-100.0;-85.8;100;0.00998645168764533;0.0
1076;-83.0;-85.7;83;0.00998645168764533;0.0
1077;-77.0;-85.52;77;0.00998645168764533;0.0
1078;-62.0;-84.87;62;0.00998645168764533;0.0
1079;-95.0;-85.05;95;0.00998645168764533;0.0
1080;-94.0;-85.05;94;0.00998645168764533;0.0
1081;-118.0;-85.49;118;0.00998645168764533;0.0
1082;-86.0;-85.73;86;0.00998645168764533;0.0
1083;-96.0;-85.98;96;0.00998645168764533;0.0
1084;-71.0;-85.98;71;0.00998645168764533;0.0
1085;-70.0;-85.92;70;0.00998645168764533;0.0
1086;-72.0;-85.9;72;0.00998645168764533;0.0
1087;-82.0;-86.1;82;0.00998645168764533;0.0
1088;-72.0;-86.22;72;0.00998645168764533;0.0
1089;-64.0;-86.1;64;0.00998645168764533;0.0
1090;-82.0;-86.21;82;0.00998645168764533;0.0
1091;-75.0;-85.62;75;0.00998645168764533;0.0
1092;-71.0;-85.63;71;0.00998645168764533;0.0
1093;-71.0;-85.43;71;0.00998645168764533;0.0
1094;-75.0;-85.48;75;0.00998645168764533;0.0
1095;-83.0;-85.5;83;0.00998645168764533;0.0
1096;-75.0;-85.47;75;0.00998645168764533;0.0
1097;-71.0;-85.4;71;0.00998645168764533;0.0
1098;-74.0;-85.34;74;0.00998645168764533;0.0
1099;-93.0;-85.66;93;0.00998645168764533;0.0
1100;-99.0;-85.75;99;0.00998645168764533;0.0
1101;-78.0;-85.9;78;0.00998645168764533;0.0
1102;-82.0;-85.83;82;0.00998645168764533;0.0
1103;-78.0;-85.99;78;0.00998645168764533;0.0
1104;-100.0;-86.1;100;0.00998645168764533;0.0
1105;-112.0;-86.6;112;0.00998645168764533;0.0
1106;-83.0;-86.65;83;0.00998645168764533;0.0
1107;-74.0;-86.46;74;0.00998645168764533;0.0
1108;-108.0;-86.85;108;0.00998645168764533;0.0
1109;-71.0;-86.66;71;0.00998645168764533;0.0
1110;-75.0;-86.59;75;0.00998645168764533;0.0
1111;-79.0;-86.65;79;0.00998645168764533;0.0
1112;-85.0;-86.8;85;0.00998645168764533;0.0
1113;-77.0;-86.85;77;0.00998645168764533;0.0
1114;-62.0;-86.85;62;0.00998645168764533;0.0
1115;-115.0;-87.25;115;0.00998645168764533;0.0
1116;-74.0;-87.07;74;0.00998645168764533;0.0
1117;-79.0;-87.03;79;0.00998645168764533;0.0
1118;-87.0;-86.14;87;0.00998645168764533;0.0
1119;-95.0;-86.15;95;0.00998645168764533;0.0
1120;-88.0;-86.11;88;0.00998645168764533;0.0
1121;-74.0;-85.76;74;0.00998645168764533;0.0
1122;-115.0;-86.07;115;0.00998645168764533;0.0
1123;-107.0;-86.5;107;0.00998645168764533;0.0
1124;-70.0;-86.43;70;0.00998645168764533;0.0
1125;-63.0;-85.89;63;0.00998645168764533;0.0
1126;-78.0;-85.94;78;0.00998645168764533;0.0
1127;-112.0;-86.16;112;0.00998645168764533;0.0
1128;-118.0;-86.72;118;0.00998645168764533;0.0
1129;-62.0;-86.59;62;0.00998645168764533;0.0
1130;-97.0;-86.61;97;0.00998645168764533;0.0
1131;-109.0;-86.82;109;0.00998645168764533;0.0
1132;-76.0;-86.07;76;0.00998645168764533;0.0
1133;-71.0;-85.96;71;0.00998645168764533;0.0
1134;-70.0;-85.94;70;0.00998645168764533;0.0
1135;-74.0;-85.47;74;0.00998645168764533;0.0
1136;-78.0;-85.31;78;0.00998645168764533;0.0
1137;-78.0;-85.0;78;0.00998645168764533;0.0
1138;-86.0;-85.23;86;0.00998645168764533;0.0
1139;-85.0;-85.28;85;0.00998645168764533;0.0
1140;-76.0;-85.31;76;0.00998645168764533;0.0
1141;-83.0;-85.27;83;0.00998645168764533;0.0
1142;-99.0;-84.86;99;0.00998645168764533;0.0
1143;-75.0;-84.77;75;0.00998645168764533;0.0
1144;-79.0;-84.79;79;0.00998645168764533;0.0
1145;-77.0;-84.82;77;0.00998645168764533;0.0
1146;-86.0;-85.05;86;0.00998645168764533;0.0
1147;-71.0;-84.99;71;0.00998645168764533;0.0
1148;-74.0;-85.12;74;0.00998645168764533;0.0
1149;-88.0;-85.13;88;0.00998645168764533;0.0
1150;-93.0;-83.96;93;0.00998645168764533;0.0
1151;-83.0;-84.04;83;0.00998645168764533;0.0
1152;-73.0;-83.9;73;0.00998645168764533;0.0
1153;-97.0;-83.83;97;0.00998645168764533;0.0
1154;-61.0;-83.5;61;0.00998645168764533;0.0
1155;-79.0;-83.32;79;0.00998645168764533;0.0
1156;-78.0;-82.96;78;0.00998645168764533;0.0
1157;-98.0;-83.19;98;0.00998645168764533;0.0
1158;-76.0;-83.23;76;0.00998645168764533;0.0
1159;-63.0;-83.17;63;0.00998645168764533;0.0
1160;-86.0;-83.01;86;0.00998645168764533;0.0
1161;-76.0;-82.91;76;0.00998645168764533;0.0
1162;-69.0;-82.84;69;0.00998645168764533;0.0
1163;-104.0;-82.69;104;0.00998645168764533;0.0
1164;-71.0;-82.61;71;0.00998645168764533;0.0
1165;-75.0;-82.63;75;0.00998645168764533;0.0
1166;-91.0;-82.64;91;0.00998645168764533;0.0
1167;-62.0;-82.64;62;0.00998645168764533;0.0
1168;-84.0;-82.51;84;0.00998645168764533;0.0
1169;-72.0;-82.46;72;0.00998645168764533;0.0
1170;-93.0;-82.63;93;0.00998645168764533;0.0
1171;-87.0;-82.52;87;0.00998645168764533;0.0
1172;-92.0;-82.71;92;0.00998645168764533;0.0
1173;-94.0;-82.64;94;0.00998645168764533;0.0
1174;-75.0;-82.76;75;0.00998645168764533;0.0
1175;-88.0;-82.64;88;0.00998645168764533;0.0
1176;-75.0;-82.56;75;0.00998645168764533;0.0
1177;-78.0;-82.57;78;0.00998645168764533;0.0
1178;-95.0;-82.9;95;0.00998645168764533;0.0
1179;-101.0;-82.96;101;0.00998645168764533;0.0
1180;-148.0;-83.5;148;0.00998645168764533;0.0
1181;-71.0;-83.03;71;0.00998645168764533;0.0
1182;-107.0;-83.24;107;0.00998645168764533;0.0
1183;-140.0;-83.68;140;0.00998645168764533;0.0
1184;-85.0;-83.82;85;0.00998645168764533;0.0
1185;-96.0;-84.08;96;0.00998645168764533;0.0
1186;-79.0;-84.15;79;0.00998645168764533;0.0
1187;-88.0;-84.21;88;0.00998645168764533;0.0
1188;-63.0;-84.12;63;0.00998645168764533;0.0
1189;-124.0;-84.72;124;0.00998645168764533;0.0
1190;-96.0;-84.86;96;0.00998645168764533;0.0
1191;-75.0;-84.86;75;0.00998645168764533;0.0
1192;-62.0;-84.77;62;0.00998645168764533;0.0
1193;-120.0;-85.26;120;0.00998645168764533;0.0
1194;-87.0;-85.38;87;0.00998645168764533;0.0
1195;-94.0;-85.49;94;0.00998645168764533;0.0
1196;-86.0;-85.6;86;0.00998645168764533;0.0
1197;-84.0;-85.73;84;0.00998645168764533;0.0
1198;-89.0;-85.88;89;0.00998645168764533;0.0
1199;-69.0;-85.64;69;0.00998645168764533;0.0
1200;-74.0;-85.39;74;0.00998645168764533;0.0
1201;-75.0;-85.36;75;0.00998645168764533;0.0
1202;-86.0;-85.4;86;0.00998645168764533;0.0
1203;-78.0;-85.4;78;0.00998645168764533;0.0
1204;-75.0;-85.15;75;0.00998645168764533;0.0
1205;-82.0;-84.85;82;0.00998645168764533;0.0
1206;-240.0;-86.42;240;0.00998645168764533;0.0
1207;-75.0;-86.43;75;0.00998645168764533;0.0
1208;-91.0;-86.26;91;0.00998645168764533;0.0
1209;-97.0;-86.52;97;0.00998645168764533;0.0
1210;-72.0;-86.49;72;0.00998645168764533;0.0
1211;-76.0;-86.46;76;0.00998645168764533;0.0
1212;-78.0;-86.39;78;0.00998645168764533;0.0
1213;-83.0;-86.45;83;0.00998645168764533;0.0
1214;-90.0;-86.73;90;0.00998645168764533;0.0
1215;-63.0;-86.21;63;0.00998645168764533;0.0
1216;-132.0;-86.79;132;0.00998645168764533;0.0
1217;-105.0;-87.05;105;0.00998645168764533;0.0
1218;-96.0;-87.14;96;0.00998645168764533;0.0
1219;-62.0;-86.81;62;0.00998645168764533;0.0
1220;-62.0;-86.55;62;0.00998645168764533;0.0
1221;-135.0;-87.16;135;0.00998645168764533;0.0
1222;-115.0;-87.16;115;0.00998645168764533;0.0
1223;-96.0;-87.05;96;0.00998645168764533;0.0
1224;-106.0;-87.41;106;0.00998645168764533;0.0
1225;-77.0;-87.55;77;0.00998645168764533;0.0
1226;-94.0;-87.71;94;0.00998645168764533;0.0
1227;-76.0;-87.35;76;0.00998645168764533;0.0
1228;-71.0;-86.88;71;0.00998645168764533;0.0
1229;-80.0;-87.06;80;0.00998645168764533;0.0
1230;-92.0;-87.01;92;0.00998645168764533;0.0
1231;-118.0;-87.1;118;0.00998645168764533;0.0
1232;-99.0;-87.33;99;0.00998645168764533;0.0
1233;-78.0;-87.4;78;0.00998645168764533;0.0
1234;-78.0;-87.48;78;0.00998645168764533;0.0
1235;-62.0;-87.36;62;0.00998645168764533;0.0
1236;-94.0;-87.52;94;0.00998645168764533;0.0
1237;-70.0;-87.44;70;0.00998645168764533;0.0
1238;-70.0;-87.28;70;0.00998645168764533;0.0
1239;-95.0;-87.38;95;0.00998645168764533;0.0
1240;-61.0;-87.23;61;0.00998645168764533;0.0
1241;-82.0;-87.22;82;0.00998645168764533;0.0
1242;-61.0;-86.84;61;0.00998645168764533;0.0
1243;-86.0;-86.95;86;0.00998645168764533;0.0
1244;-83.0;-86.99;83;0.00998645168764533;0.0
1245;-77.0;-86.99;77;0.00998645168764533;0.0
1246;-74.0;-86.87;74;0.00998645168764533;0.0
1247;-79.0;-86.95;79;0.00998645168764533;0.0
1248;-80.0;-87.01;80;0.00998645168764533;0.0
1249;-70.0;-86.83;70;0.00998645168764533;0.0
1250;-86.0;-86.76;86;0.00998645168764533;0.0
1251;-71.0;-86.64;71;0.00998645168764533;0.0
1252;-87.0;-86.78;87;0.00998645168764533;0.0
1253;-149.0;-87.3;149;0.00998645168764533;0.0
1254;-113.0;-87.82;113;0.00998645168764533;0.0
1255;-70.0;-87.73;70;0.00998645168764533;0.0
1256;-88.0;-87.83;88;0.00998645168764533;0.0
1257;-63.0;-87.48;63;0.00998645168764533;0.0
1258;-101.0;-87.73;101;0.00998645168764533;0.0
1259;-90.0;-88.0;90;0.00998645168764533;0.0
1260;-96.0;-88.1;96;0.00998645168764533;0.0
1261;-119.0;-88.53;119;0.00998645168764533;0.0
1262;-116.0;-89.0;116;0.00998645168764533;0.0
1263;-62.0;-88.58;62;0.00998645168764533;0.0
1264;-92.0;-88.79;92;0.00998645168764533;0.0
1265;-85.0;-88.89;85;0.00998645168764533;0.0
1266;-72.0;-88.7;72;0.00998645168764533;0.0
1267;-83.0;-88.91;83;0.00998645168764533;0.0
1268;-62.0;-88.69;62;0.00998645168764533;0.0
1269;-74.0;-88.71;74;0.00998645168764533;0.0
1270;-71.0;-88.49;71;0.00998645168764533;0.0
1271;-101.0;-88.63;101;0.00998645168764533;0.0
1272;-69.0;-88.4;69;0.00998645168764533;0.0
1273;-74.0;-88.2;74;0.00998645168764533;0.0
1274;-63.0;-88.08;63;0.00998645168764533;0.0
1275;-93.0;-88.13;93;0.00998645168764533;0.0
1276;-103.0;-88.41;103;0.00998645168764533;0.0
1277;-94.0;-88.57;94;0.00998645168764533;0.0
1278;-75.0;-88.37;75;0.00998645168764533;0.0
1279;-95.0;-88.31;95;0.00998645168764533;0.0
1280;-76.0;-87.59;76;0.00998645168764533;0.0
1281;-69.0;-87.57;69;0.00998645168764533;0.0
1282;-85.0;-87.35;85;0.00998645168764533;0.0
1283;-115.0;-87.1;115;0.00998645168764533;0.0
1284;-69.0;-86.94;69;0.00998645168764533;0.0
1285;-71.0;-86.69;71;0.00998645168764533;0.0
1286;-85.0;-86.75;85;0.00998645168764533;0.0
1287;-96.0;-86.83;96;0.00998645168764533;0.0
1288;-79.0;-86.99;79;0.00998645168764533;0.0
1289;-89.0;-86.64;89;0.00998645168764533;0.0
1290;-70.0;-86.38;70;0.00998645168764533;0.0
1291;-102.0;-86.65;102;0.00998645168764533;0.0
1292;-61.0;-86.64;61;0.00998645168764533;0.0
1293;-69.0;-86.13;69;0.00998645168764533;0.0
1294;-70.0;-85.96;70;0.00998645168764533;0.0
1295;-85.0;-85.87;85;0.00998645168764533;0.0
1296;-96.0;-85.97;96;0.00998645168764533;0.0
1297;-106.0;-86.19;106;0.00998645168764533;0.0
1298;-85.0;-86.15;85;0.00998645168764533;0.0
1299;-89.0;-86.35;89;0.00998645168764533;0.0
1300;-92.0;-86.53;92;0.00998645168764533;0.0
1301;-80.0;-86.58;80;0.00998645168764533;0.0
1302;-63.0;-86.35;63;0.00998645168764533;0.0
1303;-104.0;-86.61;104;0.00998645168764533;0.0
1304;-80.0;-86.66;80;0.00998645168764533;0.0
1305;-94.0;-86.78;94;0.00998645168764533;0.0
1306;-70.0;-85.08;70;0.00998645168764533;0.0
1307;-92.0;-85.25;92;0.00998645168764533;0.0
1308;-71.0;-85.05;71;0.00998645168764533;0.0
1309;-87.0;-84.95;87;0.00998645168764533;0.0
1310;-81.0;-85.04;81;0.00998645168764533;0.0
1311;-88.0;-85.16;88;0.00998645168764533;0.0
1312;-97.0;-85.35;97;0.00998645168764533;0.0
1313;-75.0;-85.27;75;0.00998645168764533;0.0
1314;-91.0;-85.28;91;0.00998645168764533;0.0
1315;-77.0;-85.42;77;0.00998645168764533;0.0
1316;-75.0;-84.85;75;0.00998645168764533;0.0
1317;-98.0;-84.78;98;0.00998645168764533;0.0
1318;-88.0;-84.7;88;0.00998645168764533;0.0
1319;-76.0;-84.84;76;0.00998645168764533;0.0
1320;-82.0;-85.04;82;0.00998645168764533;0.0
1321;-92.0;-84.61;92;0.00998645168764533;0.0
1322;-101.0;-84.47;101;0.00998645168764533;0.0
1323;-111.0;-84.62;111;0.00998645168764533;0.0
1324;-63.0;-84.19;63;0.00998645168764533;0.0
1325;-94.0;-84.36;94;0.00998645168764533;0.0
1326;-69.0;-84.11;69;0.00998645168764533;0.0
1327;-116.0;-84.51;116;0.00998645168764533;0.0
1328;-61.0;-84.41;61;0.00998645168764533;0.0
1329;-70.0;-84.31;70;0.00998645168764533;0.0
1330;-71.0;-84.1;71;0.00998645168764533;0.0
1331;-125.0;-84.17;125;0.00998645168764533;0.0
1332;-74.0;-83.92;74;0.00998645168764533;0.0
1333;-70.0;-83.84;70;0.00998645168764533;0.0
1334;-104.0;-84.1;104;0.00998645168764533;0.0
1335;-98.0;-84.46;98;0.00998645168764533;0.0
1336;-69.0;-84.21;69;0.00998645168764533;0.0
1337;-71.0;-84.22;71;0.00998645168764533;0.0
1338;-99.0;-84.51;99;0.00998645168764533;0.0
1339;-90.0;-84.46;90;0.00998645168764533;0.0
1340;-97.0;-84.82;97;0.00998645168764533;0.0
1341;-100.0;-85.0;100;0.00998645168764533;0.0
1342;-62.0;-85.01;62;0.00998645168764533;0.0
1343;-107.0;-85.22;107;0.00998645168764533;0.0
1344;-108.0;-85.47;108;0.00998645168764533;0.0
1345;-67.0;-85.37;67;0.00998645168764533;0.0
1346;-69.0;-85.32;69;0.00998645168764533;0.0
1347;-92.0;-85.45;92;0.00998645168764533;0.0
1348;-89.0;-85.54;89;0.00998645168764533;0.0
1349;-74.0;-85.58;74;0.00998645168764533;0.0
1350;-76.0;-85.48;76;0.00998645168764533;0.0
1351;-122.0;-85.99;122;0.00998645168764533;0.0
1352;-79.0;-85.91;79;0.00998645168764533;0.0
1353;-62.0;-85.04;62;0.00998645168764533;0.0
1354;-88.0;-84.79;88;0.00998645168764533;0.0
1355;-111.0;-85.2;111;0.00998645168764533;0.0
1356;-69.0;-85.01;69;0.00998645168764533;0.0
1357;-94.0;-85.32;94;0.00998645168764533;0.0
1358;-68.0;-84.99;68;0.00998645168764533;0.0
1359;-74.0;-84.83;74;0.00998645168764533;0.0
1360;-87.0;-84.74;87;0.00998645168764533;0.0
1361;-86.0;-84.41;86;0.00998645168764533;0.0
1362;-62.0;-83.87;62;0.00998645168764533;0.0
1363;-96.0;-84.21;96;0.00998645168764533;0.0
1364;-62.0;-83.91;62;0.00998645168764533;0.0
1365;-71.0;-83.77;71;0.00998645168764533;0.0
1366;-88.0;-83.93;88;0.00998645168764533;0.0
1367;-75.0;-83.85;75;0.00998645168764533;0.0
1368;-102.0;-84.25;102;0.00998645168764533;0.0
1369;-77.0;-84.28;77;0.00998645168764533;0.0
1370;-76.0;-84.33;76;0.00998645168764533;0.0
1371;-96.0;-84.28;96;0.00998645168764533;0.0
1372;-72.0;-84.31;72;0.00998645168764533;0.0
1373;-79.0;-84.36;79;0.00998645168764533;0.0
1374;-74.0;-84.47;74;0.00998645168764533;0.0
1375;-91.0;-84.45;91;0.00998645168764533;0.0
1376;-69.0;-84.11;69;0.00998645168764533;0.0
1377;-73.0;-83.9;73;0.00998645168764533;0.0
1378;-79.0;-83.94;79;0.00998645168764533;0.0
1379;-70.0;-83.69;70;0.00998645168764533;0.0
1380;-68.0;-83.61;68;0.00998645168764533;0.0
1381;-78.0;-83.7;78;0.00998645168764533;0.0
1382;-63.0;-83.48;63;0.00998645168764533;0.0
1383;-74.0;-83.07;74;0.00998645168764533;0.0
1384;-76.0;-83.14;76;0.00998645168764533;0.0
1385;-82.0;-83.25;82;0.00998645168764533;0.0
1386;-61.0;-83.01;61;0.00998645168764533;0.0
1387;-90.0;-82.95;90;0.00998645168764533;0.0
1388;-91.0;-83.07;91;0.00998645168764533;0.0
1389;-70.0;-82.88;70;0.00998645168764533;0.0
1390;-75.0;-82.93;75;0.00998645168764533;0.0
1391;-70.0;-82.61;70;0.00998645168764533;0.0
1392;-77.0;-82.77;77;0.00998645168764533;0.0
1393;-70.0;-82.78;70;0.00998645168764533;0.0
1394;-72.0;-82.8;72;0.00998645168764533;0.0
1395;-83.0;-82.78;83;0.00998645168764533;0.0
1396;-90.0;-82.72;90;0.00998645168764533;0.0
1397;-105.0;-82.71;105;0.00998645168764533;0.0
1398;-77.0;-82.63;77;0.00998645168764533;0.0
1399;-84.0;-82.58;84;0.00998645168764533;0.0
1400;-97.0;-82.63;97;0.00998645168764533;0.0
1401;-69.0;-82.52;69;0.00998645168764533;0.0
1402;-94.0;-82.83;94;0.00998645168764533;0.0
1403;-70.0;-82.49;70;0.00998645168764533;0.0
1404;-85.0;-82.54;85;0.00998645168764533;0.0
1405;-94.0;-82.54;94;0.00998645168764533;0.0
1406;-70.0;-82.54;70;0.00998645168764533;0.0
1407;-112.0;-82.74;112;0.00998645168764533;0.0
1408;-71.0;-82.74;71;0.00998645168764533;0.0
1409;-83.0;-82.7;83;0.00998645168764533;0.0
1410;-73.0;-82.62;73;0.00998645168764533;0.0
1411;-62.0;-82.36;62;0.00998645168764533;0.0
1412;-69.0;-82.08;69;0.00998645168764533;0.0
1413;-95.0;-82.28;95;0.00998645168764533;0.0
1414;-86.0;-82.23;86;0.00998645168764533;0.0
1415;-83.0;-82.29;83;0.00998645168764533;0.0
1416;-92.0;-82.46;92;0.00998645168764533;0.0
1417;-71.0;-82.19;71;0.00998645168764533;0.0
1418;-70.0;-82.01;70;0.00998645168764533;0.0
1419;-77.0;-82.02;77;0.00998645168764533;0.0
1420;-70.0;-81.9;70;0.00998645168764533;0.0
1421;-84.0;-81.82;84;0.00998645168764533;0.0
1422;-69.0;-81.5;69;0.00998645168764533;0.0
1423;-61.0;-81.0;61;0.00998645168764533;0.0
1424;-84.0;-81.21;84;0.00998645168764533;0.0
1425;-92.0;-81.19;92;0.00998645168764533;0.0
1426;-79.0;-81.29;79;0.00998645168764533;0.0
1427;-87.0;-81.0;87;0.00998645168764533;0.0
1428;-94.0;-81.33;94;0.00998645168764533;0.0
1429;-61.0;-81.24;61;0.00998645168764533;0.0
1430;-97.0;-81.5;97;0.00998645168764533;0.0
1431;-84.0;-81.09;84;0.00998645168764533;0.0
1432;-71.0;-81.06;71;0.00998645168764533;0.0
1433;-110.0;-81.46;110;0.00998645168764533;0.0
1434;-89.0;-81.31;89;0.00998645168764533;0.0
1435;-106.0;-81.39;106;0.00998645168764533;0.0
1436;-82.0;-81.52;82;0.00998645168764533;0.0
1437;-70.0;-81.51;70;0.00998645168764533;0.0
1438;-74.0;-81.26;74;0.00998645168764533;0.0
1439;-62.0;-80.98;62;0.00998645168764533;0.0
1440;-61.0;-80.62;61;0.00998645168764533;0.0
1441;-86.0;-80.48;86;0.00998645168764533;0.0
1442;-105.0;-80.91;105;0.00998645168764533;0.0
1443;-96.0;-80.8;96;0.00998645168764533;0.0
1444;-80.0;-80.52;80;0.00998645168764533;0.0
1445;-70.0;-80.55;70;0.00998645168764533;0.0
1446;-84.0;-80.7;84;0.00998645168764533;0.0
1447;-92.0;-80.7;92;0.00998645168764533;0.0
1448;-102.0;-80.83;102;0.00998645168764533;0.0
1449;-174.0;-81.83;174;0.00998645168764533;0.0
1450;-98.0;-82.05;98;0.00998645168764533;0.0
1451;-112.0;-81.95;112;0.00998645168764533;0.0
1452;-61.0;-81.77;61;0.00998645168764533;0.0
1453;-93.0;-82.08;93;0.00998645168764533;0.0
1454;-84.0;-82.04;84;0.00998645168764533;0.0
1455;-75.0;-81.68;75;0.00998645168764533;0.0
1456;-85.0;-81.84;85;0.00998645168764533;0.0
1457;-98.0;-81.88;98;0.00998645168764533;0.0
1458;-70.0;-81.9;70;0.00998645168764533;0.0
1459;-61.0;-81.77;61;0.00998645168764533;0.0
1460;-62.0;-81.52;62;0.00998645168764533;0.0
1461;-79.0;-81.45;79;0.00998645168764533;0.0
1462;-109.0;-81.92;109;0.00998645168764533;0.0
1463;-85.0;-81.81;85;0.00998645168764533;0.0
1464;-79.0;-81.98;79;0.00998645168764533;0.0
1465;-79.0;-82.06;79;0.00998645168764533;0.0
1466;-62.0;-81.8;62;0.00998645168764533;0.0
1467;-83.0;-81.88;83;0.00998645168764533;0.0
1468;-91.0;-81.77;91;0.00998645168764533;0.0
1469;-64.0;-81.64;64;0.00998645168764533;0.0
1470;-87.0;-81.75;87;0.00998645168764533;0.0
1471;-221.0;-83.0;221;0.00998645168764533;0.0
1472;-81.0;-83.09;81;0.00998645168764533;0.0
1473;-111.0;-83.41;111;0.00998645168764533;0.0
1474;-74.0;-83.41;74;0.00998645168764533;0.0
1475;-86.0;-83.36;86;0.00998645168764533;0.0
1476;-100.0;-83.67;100;0.00998645168764533;0.0
1477;-93.0;-83.87;93;0.00998645168764533;0.0
1478;-70.0;-83.78;70;0.00998645168764533;0.0
1479;-86.0;-83.94;86;0.00998645168764533;0.0
1480;-111.0;-84.37;111;0.00998645168764533;0.0
1481;-92.0;-84.51;92;0.00998645168764533;0.0
1482;-69.0;-84.57;69;0.00998645168764533;0.0
1483;-85.0;-84.68;85;0.00998645168764533;0.0
1484;-70.0;-84.62;70;0.00998645168764533;0.0
1485;-87.0;-84.67;87;0.00998645168764533;0.0
1486;-84.0;-84.9;84;0.00998645168764533;0.0
1487;-64.0;-84.64;64;0.00998645168764533;0.0
1488;-74.0;-84.47;74;0.00998645168764533;0.0
1489;-70.0;-84.47;70;0.00998645168764533;0.0
1490;-74.0;-84.46;74;0.00998645168764533;0.0
1491;-69.0;-84.45;69;0.00998645168764533;0.0
1492;-67.0;-84.35;67;0.00998645168764533;0.0
1493;-94.0;-84.59;94;0.00998645168764533;0.0
1494;-81.0;-84.68;81;0.00998645168764533;0.0
1495;-100.0;-84.85;100;0.00998645168764533;0.0
1496;-62.0;-84.57;62;0.00998645168764533;0.0
1497;-77.0;-84.29;77;0.00998645168764533;0.0
1498;-69.0;-84.21;69;0.00998645168764533;0.0
1499;-70.0;-84.07;70;0.00998645168764533;0.0
1500;-72.0;-83.82;72;0.00998645168764533;0.0
1501;-84.0;-83.97;84;0.00998645168764533;0.0
1502;-99.0;-84.02;99;0.00998645168764533;0.0
1503;-84.0;-84.16;84;0.00998645168764533;0.0
1504;-123.0;-84.54;123;0.00998645168764533;0.0
1505;-84.0;-84.44;84;0.00998645168764533;0.0
1506;-86.0;-84.6;86;0.00998645168764533;0.0
1507;-70.0;-84.18;70;0.00998645168764533;0.0
1508;-106.0;-84.53;106;0.00998645168764533;0.0
1509;-70.0;-84.4;70;0.00998645168764533;0.0
1510;-83.0;-84.5;83;0.00998645168764533;0.0
1511;-82.0;-84.7;82;0.00998645168764533;0.0
1512;-81.0;-84.82;81;0.00998645168764533;0.0
1513;-93.0;-84.8;93;0.00998645168764533;0.0
1514;-107.0;-85.01;107;0.00998645168764533;0.0
1515;-88.0;-85.06;88;0.00998645168764533;0.0
1516;-115.0;-85.29;115;0.00998645168764533;0.0
1517;-61.0;-85.19;61;0.00998645168764533;0.0
1518;-87.0;-85.36;87;0.00998645168764533;0.0
1519;-83.0;-85.42;83;0.00998645168764533;0.0
1520;-75.0;-85.47;75;0.00998645168764533;0.0
1521;-61.0;-85.24;61;0.00998645168764533;0.0
1522;-84.0;-85.39;84;0.00998645168764533;0.0
1523;-137.0;-86.15;137;0.00998645168764533;0.0
1524;-61.0;-85.92;61;0.00998645168764533;0.0
1525;-70.0;-85.7;70;0.00998645168764533;0.0
1526;-70.0;-85.61;70;0.00998645168764533;0.0
1527;-70.0;-85.44;70;0.00998645168764533;0.0
1528;-85.0;-85.35;85;0.00998645168764533;0.0
1529;-85.0;-85.59;85;0.00998645168764533;0.0
1530;-92.0;-85.54;92;0.00998645168764533;0.0
1531;-75.0;-85.45;75;0.00998645168764533;0.0
1532;-111.0;-85.85;111;0.00998645168764533;0.0
1533;-71.0;-85.46;71;0.00998645168764533;0.0
1534;-73.0;-85.3;73;0.00998645168764533;0.0
1535;-86.0;-85.1;86;0.00998645168764533;0.0
1536;-71.0;-84.99;71;0.00998645168764533;0.0
1537;-61.0;-84.9;61;0.00998645168764533;0.0
1538;-63.0;-84.79;63;0.00998645168764533;0.0
1539;-63.0;-84.8;63;0.00998645168764533;0.0
1540;-62.0;-84.81;62;0.00998645168764533;0.0
1541;-70.0;-84.65;70;0.00998645168764533;0.0
1542;-68.0;-84.28;68;0.00998645168764533;0.0
1543;-76.0;-84.08;76;0.00998645168764533;0.0
1544;-99.0;-84.27;99;0.00998645168764533;0.0
1545;-85.0;-84.42;85;0.00998645168764533;0.0
1546;-69.0;-84.27;69;0.00998645168764533;0.0
1547;-61.0;-83.96;61;0.00998645168764533;0.0
1548;-63.0;-83.57;63;0.00998645168764533;0.0
1549;-88.0;-82.71;88;0.00998645168764533;0.0
1550;-74.0;-82.47;74;0.00998645168764533;0.0
1551;-86.0;-82.21;86;0.00998645168764533;0.0
1552;-94.0;-82.54;94;0.00998645168764533;0.0
1553;-69.0;-82.3;69;0.00998645168764533;0.0
1554;-70.0;-82.16;70;0.00998645168764533;0.0
1555;-71.0;-82.12;71;0.00998645168764533;0.0
1556;-62.0;-81.89;62;0.00998645168764533;0.0
1557;-71.0;-81.62;71;0.00998645168764533;0.0
1558;-71.0;-81.63;71;0.00998645168764533;0.0
1559;-89.0;-81.91;89;0.00998645168764533;0.0
1560;-68.0;-81.97;68;0.00998645168764533;0.0
1561;-80.0;-81.98;80;0.00998645168764533;0.0
1562;-80.0;-81.69;80;0.00998645168764533;0.0
1563;-74.0;-81.58;74;0.00998645168764533;0.0
1564;-70.0;-81.49;70;0.00998645168764533;0.0
1565;-94.0;-81.64;94;0.00998645168764533;0.0
1566;-70.0;-81.72;70;0.00998645168764533;0.0
1567;-88.0;-81.77;88;0.00998645168764533;0.0
1568;-61.0;-81.47;61;0.00998645168764533;0.0
1569;-88.0;-81.71;88;0.00998645168764533;0.0
1570;-69.0;-81.53;69;0.00998645168764533;0.0
1571;-72.0;-80.04;72;0.00998645168764533;0.0
1572;-86.0;-80.09;86;0.00998645168764533;0.0
1573;-85.0;-79.83;85;0.00998645168764533;0.0
1574;-94.0;-80.03;94;0.00998645168764533;0.0
1575;-96.0;-80.13;96;0.00998645168764533;0.0
1576;-67.0;-79.8;67;0.00998645168764533;0.0
1577;-84.0;-79.71;84;0.00998645168764533;0.0
